1.0109769099 -0.0805037359
1.0107818135 -0.0805311361
1.0100852970 -0.0806280837
1.0088957738 -0.0807949836
1.0071389057 -0.0810407282
1.0048750859 -0.0813558199
1.0021782600 -0.0817313779
0.9989268655 -0.0821814571
0.9952303068 -0.0826916810
0.9910268736 -0.0832687243
0.9863393538 -0.0839081001
0.9812059484 -0.0846052799
0.9755836174 -0.0853637997
0.9694958905 -0.0861791129
0.9629541438 -0.0870486189
0.9559693438 -0.0879703928
0.9558745879 -0.0879828395
0.9485245879 -0.0889438395
0.9484382505 -0.0889550802
0.9406552505 -0.0899640802
0.9405521707 -0.0899773756
0.9323461707 -0.0910303756
0.9322589090 -0.0910415243
0.9236349090 -0.0921385243
0.9235233466 -0.0921526357
0.9144913466 -0.0932886357
0.9143914045 -0.0933011420
0.9049614045 -0.0944751420
0.9048524990 -0.0944886245
0.8950314990 -0.0956976245
0.8949258211 -0.0957105624
0.8847248211 -0.0969525624
0.8845976904 -0.0969679377
0.8740256904 -0.0982379377
0.8739173147 -0.0982508817
0.8629863147 -0.0995488817
0.8628659655 -0.0995630802
0.8515869655 -0.1008850802
0.8514672949 -0.1008990153
0.8398492949 -0.1022430153
0.8397198323 -0.1022578850
0.8277758323 -0.1036198850
0.8276554217 -0.1036335233
0.8153974217 -0.1050125233
0.8152593407 -0.1050279357
0.8026983407 -0.1064189357
0.8025692456 -0.1064331256
0.7897182456 -0.1078351256
0.7895845443 -0.1078495983
0.7764555443 -0.1092595983
0.7763125199 -0.1092748284
0.7629195199 -0.1106888284
0.7627787953 -0.1107035600
0.7491357953 -0.1121195600
0.7489894102 -0.1121346171
0.7351074102 -0.1135496171
0.7349636790 -0.1135641366
0.7208586790 -0.1149761366
0.7206983062 -0.1149920278
0.7063823062 -0.1163960278
0.7062234641 -0.1164114459
0.6917114641 -0.1178054459
0.6915482322 -0.1178209569
0.6768552322 -0.1192019569
0.6766809746 -0.1192181431
0.6618199746 -0.1205821431
0.6616522687 -0.1205973578
0.6466402687 -0.1219433578
0.6464499757 -0.1219601908
0.6312989757 -0.1232821908
0.6311143233 -0.1232980871
0.6158413233 -0.1245950871
0.6156392795 -0.1246119871
0.6002572795 -0.1258789871
0.6000499523 -0.1258957931
0.5845769523 -0.1271297931
0.5843621340 -0.1271466341
0.5688121340 -0.1283446341
0.5685842637 -0.1283618623
0.5529712637 -0.1295198623
0.5527360185 -0.1295369615
0.5370770185 -0.1306519615
0.5368329984 -0.1306689621
0.5211429984 -0.1317379621
0.5208746878 -0.1317557898
0.5051696878 -0.1327727898
0.5049013133 -0.1327897159
0.4891963133 -0.1337537159
0.4889068206 -0.1337709588
0.4732168206 -0.1346769588
0.4729157344 -0.1346937754
0.4572567344 -0.1355387754
0.4569427960 -0.1355550978
0.4413297960 -0.1363360978
0.4409921887 -0.1363522708
0.4254421887 -0.1370642708
0.4250941063 -0.1370794492
0.4096201063 -0.1377204492
0.4092509006 -0.1377348893
0.3938699006 -0.1383008893
0.3934880710 -0.1383140272
0.3782150710 -0.1388030272
0.3778032581 -0.1388151510
0.3626522581 -0.1392221510
0.3622302167 -0.1392323739
0.3472182167 -0.1395563739
0.3467675746 -0.1395648300
0.3319055746 -0.1398018300
0.3314358399 -0.1398079413
0.3167438399 -0.1399559413
0.3162522203 -0.1399593829
0.3017402203 -0.1400163829
0.3012192390 -0.1400167328
0.2869032390 -0.1399797328
0.2863613621 -0.1399764971
0.2722563621 -0.1398444971
0.2716854850 -0.1398371173
0.2578034850 -0.1396081173
0.2572062241 -0.1395960340
0.2435622241 -0.1392690340
0.2429354837 -0.1392515556
0.2295434837 -0.1388255556
0.2288844508 -0.1388018723
0.2157554508 -0.1382758723
0.2150656423 -0.1382452536
0.2022146423 -0.1376192536
0.2014845311 -0.1375803432
0.1889235311 -0.1368533432
0.1881609500 -0.1368055520
0.1759029500 -0.1359785520
0.1750976411 -0.1359201370
0.1631536411 -0.1349931370
0.1623064897 -0.1349228579
0.1506884897 -0.1338968579
0.1497929561 -0.1338126959
0.1385139561 -0.1326886959
0.1375733619 -0.1325893428
0.1266423619 -0.1313693428
0.1256338878 -0.1312503029
0.1150618878 -0.1299343029
0.1139980242 -0.1297946221
0.1037970242 -0.1283856221
0.1026643561 -0.1282209081
0.0928433561 -0.1267209081
0.0916290168 -0.1265258736
0.0821990168 -0.1249368736
0.0809045889 -0.1247078039
0.0718725889 -0.1230328039
0.0704719250 -0.1227601050
0.0618479250 -0.1210011050
0.0603436119 -0.1206791810
0.0521366119 -0.1188401810
0.0504940109 -0.1184538745
0.0427120109 -0.1165368745
0.0409203045 -0.1160734638
0.0335703045 -0.1140814638
0.0316038219 -0.1135214349
0.0246928219 -0.1114574349
0.0225241783 -0.1107760551
0.0160611783 -0.1086440551
0.0136491151 -0.1078054505
0.0076381151 -0.1056074505
0.0049502946 -0.1045693665
-0.0006017054 -0.1023093665
-0.0036304416 -0.1010030720
-0.0087184416 -0.0986830720
-0.0121221049 -0.0970328024
-0.0167411049 -0.0946568024
-0.0205943032 -0.0925388492
-0.0247393032 -0.0901098492
-0.0291298766 -0.0873417910
-0.0327958766 -0.0848607910
-0.0376958000 -0.0812660078
-0.0408818000 -0.0787370078
-0.0463565561 -0.0739707772
-0.0490565561 -0.0713957772
-0.0549502886 -0.0651365307
-0.0571632886 -0.0625175307
-0.0631975547 -0.0543828036
-0.0649215547 -0.0517218036
-0.0705715197 -0.0414124598
-0.0718035197 -0.0387104598
-0.0742801566 -0.0326292116
-0.0762497362 -0.0263653416
-0.0769897362 -0.0236233416
-0.0785154441 -0.0167960394
-0.0794388674 -0.0098615510
-0.0796858674 -0.0070825510
-0.0800000000 0.0000000000
-0.0796858674 0.0070825510
-0.0794388674 0.0098615510
-0.0785154441 0.0167960394
-0.0769897362 0.0236233416
-0.0762497362 0.0263653416
-0.0742801566 0.0326292116
-0.0718035197 0.0387104598
-0.0705715197 0.0414124598
-0.0649215547 0.0517218036
-0.0631975547 0.0543828036
-0.0571632886 0.0625175307
-0.0549502886 0.0651365307
-0.0490565561 0.0713957772
-0.0463565561 0.0739707772
-0.0408818000 0.0787370078
-0.0376958000 0.0812660078
-0.0327958766 0.0848607910
-0.0291298766 0.0873417910
-0.0247393032 0.0901098492
-0.0205943032 0.0925388492
-0.0167411049 0.0946568024
-0.0121221049 0.0970328024
-0.0087184416 0.0986830720
-0.0036304416 0.1010030720
-0.0006017054 0.1023093665
0.0049502946 0.1045693665
0.0076381151 0.1056074505
0.0136491151 0.1078054505
0.0160611783 0.1086440551
0.0225241783 0.1107760551
0.0246928219 0.1114574349
0.0316038219 0.1135214349
0.0335703045 0.1140814638
0.0409203045 0.1160734638
0.0427120109 0.1165368745
0.0504940109 0.1184538745
0.0521366119 0.1188401810
0.0603436119 0.1206791810
0.0618479250 0.1210011050
0.0704719250 0.1227601050
0.0718725889 0.1230328039
0.0809045889 0.1247078039
0.0821990168 0.1249368736
0.0916290168 0.1265258736
0.0928433561 0.1267209081
0.1026643561 0.1282209081
0.1037970242 0.1283856221
0.1139980242 0.1297946221
0.1150618878 0.1299343029
0.1256338878 0.1312503029
0.1266423619 0.1313693428
0.1375733619 0.1325893428
0.1385139561 0.1326886959
0.1497929561 0.1338126959
0.1506884897 0.1338968579
0.1623064897 0.1349228579
0.1631536411 0.1349931370
0.1750976411 0.1359201370
0.1759029500 0.1359785520
0.1881609500 0.1368055520
0.1889235311 0.1368533432
0.2014845311 0.1375803432
0.2022146423 0.1376192536
0.2150656423 0.1382452536
0.2157554508 0.1382758723
0.2288844508 0.1388018723
0.2295434837 0.1388255556
0.2429354837 0.1392515556
0.2435622241 0.1392690340
0.2572062241 0.1395960340
0.2578034850 0.1396081173
0.2716854850 0.1398371173
0.2722563621 0.1398444971
0.2863613621 0.1399764971
0.2869032390 0.1399797328
0.3012192390 0.1400167328
0.3017402203 0.1400163829
0.3162522203 0.1399593829
0.3167438399 0.1399559413
0.3314358399 0.1398079413
0.3319055746 0.1398018300
0.3467675746 0.1395648300
0.3472182167 0.1395563739
0.3622302167 0.1392323739
0.3626522581 0.1392221510
0.3778032581 0.1388151510
0.3782150710 0.1388030272
0.3934880710 0.1383140272
0.3938699006 0.1383008893
0.4092509006 0.1377348893
0.4096201063 0.1377204492
0.4250941063 0.1370794492
0.4254421887 0.1370642708
0.4409921887 0.1363522708
0.4413297960 0.1363360978
0.4569427960 0.1355550978
0.4572567344 0.1355387754
0.4729157344 0.1346937754
0.4732168206 0.1346769588
0.4889068206 0.1337709588
0.4891963133 0.1337537159
0.5049013133 0.1327897159
0.5051696878 0.1327727898
0.5208746878 0.1317557898
0.5211429984 0.1317379621
0.5368329984 0.1306689621
0.5370770185 0.1306519615
0.5527360185 0.1295369615
0.5529712637 0.1295198623
0.5685842637 0.1283618623
0.5688121340 0.1283446341
0.5843621340 0.1271466341
0.5845769523 0.1271297931
0.6000499523 0.1258957931
0.6002572795 0.1258789871
0.6156392795 0.1246119871
0.6158413233 0.1245950871
0.6311143233 0.1232980871
0.6312989757 0.1232821908
0.6464499757 0.1219601908
0.6466402687 0.1219433578
0.6616522687 0.1205973578
0.6618199746 0.1205821431
0.6766809746 0.1192181431
0.6768552322 0.1192019569
0.6915482322 0.1178209569
0.6917114641 0.1178054459
0.7062234641 0.1164114459
0.7063823062 0.1163960278
0.7206983062 0.1149920278
0.7208586790 0.1149761366
0.7349636790 0.1135641366
0.7351074102 0.1135496171
0.7489894102 0.1121346171
0.7491357953 0.1121195600
0.7627787953 0.1107035600
0.7629195199 0.1106888284
0.7763125199 0.1092748284
0.7764555443 0.1092595983
0.7895845443 0.1078495983
0.7897182456 0.1078351256
0.8025692456 0.1064331256
0.8026983407 0.1064189357
0.8152593407 0.1050279357
0.8153974217 0.1050125233
0.8276554217 0.1036335233
0.8277758323 0.1036198850
0.8397198323 0.1022578850
0.8398492949 0.1022430153
0.8514672949 0.1008990153
0.8515869655 0.1008850802
0.8628659655 0.0995630802
0.8629863147 0.0995488817
0.8739173147 0.0982508817
0.8740256904 0.0982379377
0.8845976904 0.0969679377
0.8847248211 0.0969525624
0.8949258211 0.0957105624
0.8950314990 0.0956976245
0.9048524990 0.0944886245
0.9049614045 0.0944751420
0.9143914045 0.0933011420
0.9144913466 0.0932886357
0.9235233466 0.0921526357
0.9236349090 0.0921385243
0.9322589090 0.0910415243
0.9323461707 0.0910303756
0.9405521707 0.0899773756
0.9406552505 0.0899640802
0.9484382505 0.0889550802
0.9485245879 0.0889438395
0.9558745879 0.0879828395
0.9559693438 0.0879703928
0.9628803438 0.0870583928
0.9694171438 0.0861896189
0.9755068905 0.0853741129
0.9811356174 0.0846147997
0.9862939484 0.0839142799
0.9909583538 0.0832781001
0.9951718736 0.0826997243
0.9988963068 0.0821856810
1.0021128655 0.0817404571
1.0048750859 0.0813558199
1.0070849117 0.0810482617
1.0088619057 0.0807997282
1.0108361629 0.0805235523
1.0109769099 0.0805037359
1.0112239099 0.0804687359
