0.000000,0.500000
0.100000,0.485053
0.200000,0.441934
0.300000,0.374850
0.400000,0.289418
0.500000,0.192277
0.600000,0.090642
0.700000,-0.008176
0.800000,-0.097249
0.900000,-0.170484
1.000000,-0.223012
1.100000,-0.251500
1.200000,-0.254357
1.300000,-0.231826
1.400000,-0.185958
1.500000,-0.120462
1.600000,-0.040451
1.700000,0.047901
1.800000,0.137779
1.900000,0.222180
2.000000,0.294389
2.100000,0.348427
2.200000,0.379462
2.300000,0.384140
2.400000,0.360825
2.500000,0.309733
2.600000,0.232936
2.700000,0.134262
2.800000,0.019069
2.900000,-0.106072
3.000000,-0.233779
3.100000,-0.356312
3.200000,-0.466053
3.300000,-0.555982
3.400000,-0.620122
3.500000,-0.653918
3.600000,-0.654531
3.700000,-0.621034
3.800000,-0.554484
3.900000,-0.457877
4.000000,-0.335982
4.100000,-0.195072
4.200000,-0.042554
4.300000,0.113460
4.400000,0.264634
4.500000,0.402897
4.600000,0.520916
4.700000,0.612527
4.800000,0.673088
4.900000,0.699746
5.000000,0.691589
5.100000,0.649686
5.200000,0.577000
5.300000,0.478194
5.400000,0.359333
5.500000,0.227505
5.600000,0.090380
5.700000,-0.044255
5.800000,-0.168966
5.900000,-0.277117
6.000000,-0.363256
6.100000,-0.423427
6.200000,-0.455379
6.300000,-0.458672
6.400000,-0.434666
6.500000,-0.386395
6.600000,-0.318341
6.700000,-0.236118
6.800000,-0.146085
6.900000,-0.054919
7.000000,0.030825
7.100000,0.105146
7.200000,0.162988
7.300000,0.200560
7.400000,0.215579
7.500000,0.207407
7.600000,0.177081
7.700000,0.127233
7.800000,0.061906
7.900000,-0.013724
8.000000,-0.093698
8.100000,-0.171680
8.200000,-0.241381
8.300000,-0.296988
8.400000,-0.333560
8.500000,-0.347369
8.600000,-0.336166
8.700000,-0.299349
8.800000,-0.238027
8.900000,-0.154978
9.000000,-0.054491
9.100000,0.057881
9.200000,0.175655
9.300000,0.291817
9.400000,0.399251
9.500000,0.491183
9.600000,0.561609
9.700000,0.605670
9.800000,0.619972
9.900000,0.602806
10.000000,0.554273
10.100000,0.476297
10.200000,0.372524
10.300000,0.248124
10.400000,0.109488
10.500000,-0.036139
10.600000,-0.181079
10.700000,-0.317678
10.800000,-0.438744
10.900000,-0.537974
11.000000,-0.610313
11.100000,-0.652249
11.200000,-0.661999
11.300000,-0.639606
11.400000,-0.586917
11.500000,-0.507449
11.600000,-0.406169
11.700000,-0.289175
11.800000,-0.163317
11.900000,-0.035782
12.000000,0.086346
12.100000,0.196507
12.200000,0.289050
12.300000,0.359559
12.400000,0.405094
12.500000,0.424343
12.600000,0.417661
12.700000,0.387013
12.800000,0.335812
12.900000,0.268669
13.000000,0.191070
13.100000,0.108999
13.200000,0.028539
13.300000,-0.044529
13.400000,-0.105110
13.500000,-0.149121
13.600000,-0.173751
13.700000,-0.177639
13.800000,-0.160950
13.900000,-0.125355
14.000000,-0.073906
14.100000,-0.010825
14.200000,0.058784
14.300000,0.129287
14.400000,0.194899
14.500000,0.250082
14.600000,0.289920
14.700000,0.310464
14.800000,0.309010
14.900000,0.284293
15.000000,0.236605
15.100000,0.167791
15.200000,0.081165
15.300000,-0.018680
15.400000,-0.126147
15.500000,-0.234969
15.600000,-0.338593
15.700000,-0.430588
15.800000,-0.505046
15.900000,-0.556952
16.000000,-0.582510
16.100000,-0.579390
16.200000,-0.546884
16.300000,-0.485974
16.400000,-0.399290
16.500000,-0.290968
16.600000,-0.166418
16.700000,-0.032014
16.800000,0.105275
16.900000,0.238288
17.000000,0.360093
17.100000,0.464384
17.200000,0.545852
17.300000,0.600481
17.400000,0.625778
17.500000,0.620906
17.600000,0.586713
17.700000,0.525668
17.800000,0.441691
17.900000,0.339910
18.000000,0.226333
18.100000,0.107483
18.200000,-0.009998
18.300000,-0.119753
18.400000,-0.216076
18.500000,-0.294250
18.600000,-0.350806
18.700000,-0.383710
18.800000,-0.392450
18.900000,-0.378030
19.000000,-0.342873
19.100000,-0.290628
19.200000,-0.225910
19.300000,-0.153974
19.400000,-0.080361
19.500000,-0.010527
19.600000,0.050523
19.700000,0.098557
19.800000,0.130391
19.900000,0.144090
20.000000,0.139087
20.100000,0.116208
20.200000,0.077606
20.300000,0.026608
20.400000,-0.032517
20.500000,-0.094852
20.600000,-0.155170
20.700000,-0.208292
20.800000,-0.249440
20.900000,-0.274576
21.000000,-0.280682
21.100000,-0.265981
21.200000,-0.230079
21.300000,-0.174016
21.400000,-0.100227
21.500000,-0.012411
21.600000,0.084684
21.700000,0.185542
21.800000,0.284213
21.900000,0.374681
22.000000,0.451235
22.100000,0.508830
22.200000,0.543408
22.300000,0.552159
22.400000,0.533712
22.500000,0.488237
22.600000,0.417453
22.700000,0.324546
22.800000,0.213991
22.900000,0.091305
23.000000,-0.037274
23.100000,-0.165143
23.200000,-0.285715
23.300000,-0.392805
23.400000,-0.480979
23.500000,-0.545868
23.600000,-0.584418
23.700000,-0.595047
23.800000,-0.577732
23.900000,-0.533988
24.000000,-0.466764
24.100000,-0.380246
24.200000,-0.279599
24.300000,-0.170646
24.400000,-0.059510
24.500000,0.047753
24.600000,0.145510
24.700000,0.228883
24.800000,0.294023
24.900000,0.338315
25.000000,0.360514
25.100000,0.360779
25.200000,0.340628
25.300000,0.302806
25.400000,0.251077
25.500000,0.189953
25.600000,0.124382
25.700000,0.059413
25.800000,-0.000144
25.900000,-0.050036
26.000000,-0.086842
26.100000,-0.108195
26.200000,-0.112927
26.300000,-0.101141
26.400000,-0.074188
26.500000,-0.034568
26.600000,0.014248
26.700000,0.068058
26.800000,0.122223
26.900000,0.171985
27.000000,0.212798
27.100000,0.240645
27.200000,0.252323
27.300000,0.245674
27.400000,0.219752
27.500000,0.174909
27.600000,0.112806
27.700000,0.036322
27.800000,-0.050596
27.900000,-0.143168
28.000000,-0.236068
28.100000,-0.323744
28.200000,-0.400766
28.300000,-0.462163
28.400000,-0.503734
28.500000,-0.522326
28.600000,-0.516032
28.700000,-0.484338
28.800000,-0.428163
28.900000,-0.349827
29.000000,-0.252934
29.100000,-0.142168
29.200000,-0.023033
29.300000,0.098466
29.400000,0.216159
29.500000,0.324074
29.600000,0.416773
29.700000,0.489668
29.800000,0.539272
29.900000,0.563399
30.000000,0.561273
30.100000,0.533561
30.200000,0.482314
30.300000,0.410829
30.400000,0.323442
30.500000,0.225253
30.600000,0.121817
30.700000,0.018808
30.800000,-0.078321
30.900000,-0.164652
31.000000,-0.236088
31.100000,-0.289574
31.200000,-0.323258
31.300000,-0.336569
31.400000,-0.330213
31.500000,-0.306099
31.600000,-0.267174
31.700000,-0.217211
31.800000,-0.160536
31.900000,-0.101732
32.000000,-0.045324
32.100000,0.004520
32.200000,0.044264
32.300000,0.071238
32.400000,0.083801
32.500000,0.081448
32.600000,0.064828
32.700000,0.035693
32.800000,-0.003235
32.900000,-0.048450
33.000000,-0.095914
33.100000,-0.141334
33.200000,-0.180467
33.300000,-0.209410
33.400000,-0.224886
33.500000,-0.224476
33.600000,-0.206803
33.700000,-0.171650
33.800000,-0.120000
33.900000,-0.054002
34.000000,0.023145
34.100000,0.107368
34.200000,0.193966
34.300000,0.277888
34.400000,0.354043
34.500000,0.417619
34.600000,0.464380
34.700000,0.490942
34.800000,0.494991
34.900000,0.475442
35.000000,0.432524
35.100000,0.367787
35.200000,0.284025
35.300000,0.185133
35.400000,0.075889
35.500000,-0.038318
35.600000,-0.151787
35.700000,-0.258838
35.800000,-0.354129
35.900000,-0.432963
36.000000,-0.491551
36.100000,-0.527224
36.200000,-0.538574
36.300000,-0.525520
36.400000,-0.489302
36.500000,-0.432386
36.600000,-0.358307
36.700000,-0.271441
36.800000,-0.176743
36.900000,-0.079440
37.000000,0.015277
37.100000,0.102561
37.200000,0.178184
37.300000,0.238775
37.400000,0.281998
37.500000,0.306664
37.600000,0.312768
37.700000,0.301453
37.800000,0.274901
37.900000,0.236162
38.000000,0.188928
38.100000,0.137274
38.200000,0.085375
38.300000,0.037223
38.400000,-0.003640
38.500000,-0.034351
38.600000,-0.052920
38.700000,-0.058344
38.800000,-0.050673
38.900000,-0.030990
39.000000,-0.001330
39.100000,0.035467
39.200000,0.075959
39.300000,0.116347
39.400000,0.152738
39.500000,0.181424
39.600000,0.199146
39.700000,0.203330
39.800000,0.192282
39.900000,0.165322
40.000000,0.122860
40.100000,0.066396
40.200000,-0.001552
40.300000,-0.077580
40.400000,-0.157599
40.500000,-0.237074
40.600000,-0.311300
40.700000,-0.375689
40.800000,-0.426060
40.900000,-0.458902
41.000000,-0.471599
41.100000,-0.462612
41.200000,-0.431582
41.300000,-0.379379
41.400000,-0.308067
41.500000,-0.220798
41.600000,-0.121646
41.700000,-0.015380
41.800000,0.092803
41.900000,0.197572
42.000000,0.293765
42.100000,0.376676
42.200000,0.442324
42.300000,0.487672
42.400000,0.510792
42.500000,0.510964
42.600000,0.488699
42.700000,0.445699
42.800000,0.384736
42.900000,0.309479
43.000000,0.224264
43.100000,0.133829
43.200000,0.043031
43.300000,-0.043440
43.400000,-0.121330
43.500000,-0.187067
43.600000,-0.237945
43.700000,-0.272268
43.800000,-0.289414
43.900000,-0.289843
44.000000,-0.275027
44.100000,-0.247326
44.200000,-0.209800
44.300000,-0.165995
44.400000,-0.119681
44.500000,-0.074604
44.600000,-0.034224
44.700000,-0.001486
44.800000,0.021371
44.900000,0.032957
45.000000,0.032820
45.100000,0.021462
45.200000,0.000294
45.300000,-0.028466
45.400000,-0.061959
45.500000,-0.096884
45.600000,-0.129740
45.700000,-0.157069
45.800000,-0.175709
45.900000,-0.183025
46.000000,-0.177103
46.100000,-0.156905
46.200000,-0.122366
46.300000,-0.074420
46.400000,-0.014976
46.500000,0.053187
46.600000,0.126565
46.700000,0.201143
46.800000,0.272627
46.900000,0.336709
47.000000,0.389331
47.100000,0.426944
47.200000,0.446732
47.300000,0.446799
47.400000,0.426302
47.500000,0.385522
47.600000,0.325866
47.700000,0.249802
47.800000,0.160735
47.900000,0.062819
48.000000,-0.039270
48.100000,-0.140596
48.200000,-0.236238
48.300000,-0.321569
48.400000,-0.392513
48.500000,-0.445771
48.600000,-0.479001
48.700000,-0.490939
48.800000,-0.481462
48.900000,-0.451575
49.000000,-0.403340
49.100000,-0.339740
49.200000,-0.264490
49.300000,-0.181813
49.400000,-0.096180
49.500000,-0.012050
49.600000,0.066390
49.700000,0.135462
49.800000,0.192201
49.900000,0.234504
50.000000,0.261234
50.100000,0.272246
50.200000,0.268367
50.300000,0.251308
50.400000,0.223516
50.500000,0.187993
50.600000,0.148077
50.700000,0.107205
50.800000,0.068681
50.900000,0.035447
51.000000,0.009890
51.100000,-0.006313
51.200000,-0.012304
51.300000,-0.008086
51.400000,0.005482
51.500000,0.026754
51.600000,0.053424
51.700000,0.082690
51.800000,0.111460
51.900000,0.136572
52.000000,0.155024
52.100000,0.164196
52.200000,0.162046
52.300000,0.147271
52.400000,0.119419
52.500000,0.078948
52.600000,0.027224
52.700000,-0.033538
52.800000,-0.100394
52.900000,-0.169834
53.000000,-0.237991
53.100000,-0.300872
53.200000,-0.354602
53.300000,-0.395666
53.400000,-0.421132
53.500000,-0.428845
53.600000,-0.417569
53.700000,-0.387082
53.800000,-0.338214
53.900000,-0.272809
54.000000,-0.193644
54.100000,-0.104278
54.200000,-0.008861
54.300000,0.088093
54.400000,0.181961
54.500000,0.268260
54.600000,0.342906
54.700000,0.402429
54.800000,0.444173
54.900000,0.466428
55.000000,0.468520
55.100000,0.450834
55.200000,0.414775
55.300000,0.362675
55.400000,0.297642
55.500000,0.223365
55.600000,0.143894
55.700000,0.063399
55.800000,-0.014074
55.900000,-0.084834
56.000000,-0.145750
56.100000,-0.194413
56.200000,-0.229258
56.300000,-0.249623
56.400000,-0.255759
56.500000,-0.248774
56.600000,-0.230528
56.700000,-0.203487
56.800000,-0.170533
56.900000,-0.134757
57.000000,-0.099243
57.100000,-0.066854
57.200000,-0.040037
57.300000,-0.020668
57.400000,-0.009921
57.500000,-0.008205
57.600000,-0.015141
57.700000,-0.029602
57.800000,-0.049799
57.900000,-0.073412
58.000000,-0.097766
58.100000,-0.120024
58.200000,-0.137394
58.300000,-0.147337
58.400000,-0.147759
58.500000,-0.137175
58.600000,-0.114834
58.700000,-0.080795
58.800000,-0.035958
58.900000,0.017973
59.000000,0.078570
59.100000,0.142811
59.200000,0.207257
59.300000,0.268253
59.400000,0.322150
59.500000,0.365528
59.600000,0.395416
59.700000,0.409478
59.800000,0.406172
59.900000,0.384861
60.000000,0.345869
60.100000,0.290484
60.200000,0.220899
60.300000,0.140107
60.400000,0.051738
60.500000,-0.040135
60.600000,-0.131218
60.700000,-0.217233
60.800000,-0.294157
60.900000,-0.358436
61.000000,-0.407186
61.100000,-0.438340
61.200000,-0.450760
61.300000,-0.444284
61.400000,-0.419723
61.500000,-0.378798
61.600000,-0.324027
61.700000,-0.258569
61.800000,-0.186028
61.900000,-0.110240
62.000000,-0.035045
62.100000,0.035926
62.200000,0.099462
62.300000,0.152938
62.400000,0.194452
62.500000,0.222906
62.600000,0.238043
62.700000,0.240425
62.800000,0.231362
62.900000,0.212795
63.000000,0.187146
63.100000,0.157129
63.200000,0.125562
63.300000,0.095166
63.400000,0.068375
63.500000,0.047178
63.600000,0.032983
63.700000,0.026531
63.800000,0.027851
63.900000,0.036273
64.000000,0.050483
64.100000,0.068620
64.200000,0.088424
64.300000,0.107398
64.400000,0.122994
64.500000,0.132809
64.600000,0.134761
64.700000,0.127258
64.800000,0.109327
64.900000,0.080709
65.000000,0.041902
65.100000,-0.005838
65.200000,-0.060552
65.300000,-0.119682
65.400000,-0.180207
65.500000,-0.238822
65.600000,-0.292135
65.700000,-0.336871
65.800000,-0.370078
65.900000,-0.389314
66.000000,-0.392810
66.100000,-0.379590
66.200000,-0.349548
66.300000,-0.303477
66.400000,-0.243043
66.500000,-0.170702
66.600000,-0.089581
66.700000,-0.003309
66.800000,0.084178
66.900000,0.168849
67.000000,0.246799
67.100000,0.314465
67.200000,0.368812
67.300000,0.407503
67.400000,0.429014
67.500000,0.432712
67.600000,0.418874
67.700000,0.388658
67.800000,0.344024
67.900000,0.287606
68.000000,0.222551
68.100000,0.152328
68.200000,0.080527
68.300000,0.010649
68.400000,-0.054089
68.500000,-0.110927
68.600000,-0.157708
68.700000,-0.192979
68.800000,-0.216046
68.900000,-0.226983
69.000000,-0.226591
69.100000,-0.216313
69.200000,-0.198110
69.300000,-0.174306
69.400000,-0.147420
69.500000,-0.119976
69.600000,-0.094334
69.700000,-0.072523
69.800000,-0.056106
69.900000,-0.046081
70.000000,-0.042815
70.100000,-0.046035
70.200000,-0.054851
70.300000,-0.067834
70.400000,-0.083121
70.500000,-0.098563
70.600000,-0.111883
70.700000,-0.120850
70.800000,-0.123451
70.900000,-0.118050
71.000000,-0.103522
71.100000,-0.079360
71.200000,-0.045731
71.300000,-0.003502
71.400000,0.045791
71.500000,0.100017
71.600000,0.156559
71.700000,0.212465
71.800000,0.264617
71.900000,0.309922
72.000000,0.345499
72.100000,0.368864
72.200000,0.378086
72.300000,0.371924
72.400000,0.349913
72.500000,0.312415
72.600000,0.260620
72.700000,0.196489
72.800000,0.122668
72.900000,0.042344
73.000000,-0.040915
73.100000,-0.123360
73.200000,-0.201253
73.300000,-0.271079
73.400000,-0.329728
73.500000,-0.374664
73.600000,-0.404056
73.700000,-0.416869
73.800000,-0.412912
73.900000,-0.392831
74.000000,-0.358061
74.100000,-0.310730
74.200000,-0.253526
74.300000,-0.189533
74.400000,-0.122048
74.500000,-0.054395
74.600000,0.010270
74.700000,0.069127
74.800000,0.119840
74.900000,0.160674
75.000000,0.190571
75.100000,0.209175
75.200000,0.216826
75.300000,0.214498
75.400000,0.203707
75.500000,0.186381
75.600000,0.164714
75.700000,0.140998
75.800000,0.117462
75.900000,0.096115
76.000000,0.078606
76.100000,0.066117
76.200000,0.059287
76.300000,0.058175
76.400000,0.062270
76.500000,0.070532
76.600000,0.081481
76.700000,0.093308
76.800000,0.104021
76.900000,0.111591
77.000000,0.114116
77.100000,0.109972
77.200000,0.097944
77.300000,0.077340
77.400000,0.048063
77.500000,0.010648
77.600000,-0.033743
77.700000,-0.083367
77.800000,-0.135989
77.900000,-0.189000
78.000000,-0.239570
78.100000,-0.284813
78.200000,-0.321961
78.300000,-0.348535
78.400000,-0.362509
78.500000,-0.362439
78.600000,-0.347567
78.700000,-0.317888
78.800000,-0.274165
78.900000,-0.217912
79.000000,-0.151317
79.100000,-0.077143
79.200000,0.001421
79.300000,0.080924
79.400000,0.157836
79.500000,0.228741
79.600000,0.290512
79.700000,0.340485
79.800000,0.376590
79.900000,0.397463
80.000000,0.402503
80.100000,0.391899
80.200000,0.366601
80.300000,0.328256
80.400000,0.279099
80.500000,0.221818
80.600000,0.159395
80.700000,0.094929
80.800000,0.031462
80.900000,-0.028188
81.000000,-0.081577
81.100000,-0.126760
81.200000,-0.162379
81.300000,-0.187713
81.400000,-0.202689
81.500000,-0.207849
81.600000,-0.204284
81.700000,-0.193530
81.800000,-0.177443
81.900000,-0.158055
82.000000,-0.137422
82.100000,-0.117478
82.200000,-0.099897
82.300000,-0.085981
82.400000,-0.076575
82.500000,-0.072015
82.600000,-0.072111
82.700000,-0.076175
82.800000,-0.083081
82.900000,-0.091352
83.000000,-0.099281
83.100000,-0.105062
83.200000,-0.106939
83.300000,-0.103342
83.400000,-0.093022
83.500000,-0.075159
83.600000,-0.049450
83.700000,-0.016155
83.800000,0.023885
83.900000,0.069277
84.000000,0.118138
84.100000,0.168194
84.200000,0.216900
84.300000,0.261594
84.400000,0.299651
84.500000,0.328645
84.600000,0.346502
84.700000,0.351634
84.800000,0.343052
84.900000,0.320440
85.000000,0.284192
85.100000,0.235414
85.200000,0.175874
85.300000,0.107923
85.400000,0.034381
85.500000,-0.041617
85.600000,-0.116775
85.700000,-0.187816
85.800000,-0.251651
85.900000,-0.305544
86.000000,-0.347254
86.100000,-0.375149
86.200000,-0.388283
86.300000,-0.386440
86.400000,-0.370127
86.500000,-0.340541
86.600000,-0.299478
86.700000,-0.249231
86.800000,-0.192445
86.900000,-0.131966
87.000000,-0.070677
87.100000,-0.011337
87.200000,0.043565
87.300000,0.091938
87.400000,0.132189
87.500000,0.163291
87.600000,0.184809
87.700000,0.196895
87.800000,0.200241
87.900000,0.196002
88.000000,0.185694
88.100000,0.171069
88.200000,0.153977
88.300000,0.136233
88.400000,0.119484
88.500000,0.105095
88.600000,0.094055
88.700000,0.086916
88.800000,0.083764
88.900000,0.084218
89.000000,0.087472
89.100000,0.092364
89.200000,0.097468
89.300000,0.101214
89.400000,0.102013
89.500000,0.098387
89.600000,0.089094
89.700000,0.073243
89.800000,0.050375
89.900000,0.020532
90.000000,-0.015720
90.100000,-0.057296
90.200000,-0.102636
90.300000,-0.149775
90.400000,-0.196454
90.500000,-0.240242
90.600000,-0.278679
90.700000,-0.309424
90.800000,-0.330400
90.900000,-0.339928
91.000000,-0.336841
91.100000,-0.320567
91.200000,-0.291183
91.300000,-0.249431
91.400000,-0.196694
91.500000,-0.134939
91.600000,-0.066617
91.700000,0.005449
91.800000,0.078219
91.900000,0.148587
92.000000,0.213545
92.100000,0.270340
92.200000,0.316615
92.300000,0.350531
92.400000,0.370854
92.500000,0.377017
92.600000,0.369131
92.700000,0.347973
92.800000,0.314925
92.900000,0.271887
93.000000,0.221161
93.100000,0.165316
93.200000,0.107038
93.300000,0.048984
93.400000,-0.006367
93.500000,-0.056839
93.600000,-0.100665
93.700000,-0.136568
93.800000,-0.163805
93.900000,-0.182178
94.000000,-0.192013
94.100000,-0.194104
94.200000,-0.189629
94.300000,-0.180049
94.400000,-0.166987
94.500000,-0.152102
94.600000,-0.136969
94.700000,-0.122963
94.800000,-0.111166
94.900000,-0.102292
95.000000,-0.096649
95.100000,-0.094119
95.200000,-0.094185
95.300000,-0.095972
95.400000,-0.098330
95.500000,-0.099923
95.600000,-0.099347
95.700000,-0.095242
95.800000,-0.086413
95.900000,-0.071937
96.000000,-0.051253
96.100000,-0.024230
96.200000,0.008792
96.300000,0.046995
96.400000,0.089105
96.500000,0.133449
96.600000,0.178039
96.700000,0.220677
96.800000,0.259083
96.900000,0.291026
97.000000,0.314463
97.100000,0.327669
97.200000,0.329344
97.300000,0.318713
97.400000,0.295585
97.500000,0.260382
97.600000,0.214139
97.700000,0.158463
97.800000,0.095458
97.900000,0.027630
98.000000,-0.042246
98.100000,-0.111259
98.200000,-0.176517
98.300000,-0.235295
98.400000,-0.285170
98.500000,-0.324152
98.600000,-0.350776
98.700000,-0.364171
98.800000,-0.364101
98.900000,-0.350959
99.000000,-0.325737
99.100000,-0.289956
99.200000,-0.245573
99.300000,-0.194865
99.400000,-0.140296
99.500000,-0.084377
99.600000,-0.029534
99.700000,0.022025
99.800000,0.068416
99.900000,0.108167
100.000000,0.140277
100.100000,0.164244
100.200000,0.180063
100.300000,0.188187
100.400000,0.189470
100.500000,0.185080
100.600000,0.176394
100.700000,0.164891
100.800000,0.152036
100.900000,0.139171
101.000000,0.127420
101.100000,0.117610
101.200000,0.110221
101.300000,0.105356
101.400000,0.102748
101.500000,0.101785
101.600000,0.101573
101.700000,0.101010
101.800000,0.098882
101.900000,0.093969
102.000000,0.085151
102.100000,0.071512
102.200000,0.052428
102.300000,0.027643
102.400000,-0.002685
102.500000,-0.037965
102.600000,-0.077176
102.700000,-0.118909
102.800000,-0.161431
102.900000,-0.202774
103.000000,-0.240843
103.100000,-0.273540
103.200000,-0.298882
103.300000,-0.315132
103.400000,-0.320905
103.500000,-0.315266
103.600000,-0.297802
103.700000,-0.268659
103.800000,-0.228560
103.900000,-0.178782
104.000000,-0.121100
104.100000,-0.057710
104.200000,0.008879
104.300000,0.075972
104.400000,0.140819
104.500000,0.200759
104.600000,0.253351
104.700000,0.296501
104.800000,0.328562
104.900000,0.348415
105.000000,0.355516
105.100000,0.349915
105.200000,0.332241
105.300000,0.303654
105.400000,0.265773
105.500000,0.220574
105.600000,0.170277
105.700000,0.117221
105.800000,0.063735
105.900000,0.012014
106.000000,-0.035990
106.100000,-0.078663
106.200000,-0.114798
106.300000,-0.143631
106.400000,-0.164862
106.500000,-0.178633
106.600000,-0.185489
106.700000,-0.186308
106.800000,-0.182215
106.900000,-0.174488
107.000000,-0.164454
107.100000,-0.153384
107.200000,-0.142400
107.300000,-0.132396
107.400000,-0.123980
107.500000,-0.117431
107.600000,-0.112695
107.700000,-0.109394
107.800000,-0.106871
107.900000,-0.104245
108.000000,-0.100498
108.100000,-0.094559
108.200000,-0.085406
108.300000,-0.072161
108.400000,-0.054175
108.500000,-0.031105
108.600000,-0.002967
108.700000,0.029834
108.800000,0.066495
108.900000,0.105845
109.000000,0.146386
109.100000,0.186371
109.200000,0.223894
109.300000,0.256996
109.400000,0.283782
109.500000,0.302530
109.600000,0.311808
109.700000,0.310561
109.800000,0.298196
109.900000,0.274624
110.000000,0.240294
110.100000,0.196183
110.200000,0.143758
110.300000,0.084920
110.400000,0.021907
110.500000,-0.042807
110.600000,-0.106637
110.700000,-0.167017
110.800000,-0.221525
110.900000,-0.268007
111.000000,-0.304681
111.100000,-0.330225
111.200000,-0.343834
111.300000,-0.345252
111.400000,-0.334777
111.500000,-0.313229
111.600000,-0.281898
111.700000,-0.242459
111.800000,-0.196876
111.900000,-0.147292
112.000000,-0.095906
112.100000,-0.044859
112.200000,0.003875
112.300000,0.048587
112.400000,0.087908
112.500000,0.120861
112.600000,0.146887
112.700000,0.165847
112.800000,0.177997
112.900000,0.183934
113.000000,0.184531
113.100000,0.180854
113.200000,0.174067
113.300000,0.165340
113.400000,0.155756
113.500000,0.146236
113.600000,0.137471
113.700000,0.129878
113.800000,0.123576
113.900000,0.118391
114.000000,0.113878
114.100000,0.109366
114.200000,0.104026
114.300000,0.096945
114.400000,0.087213
114.500000,0.074014
114.600000,0.056704
114.700000,0.034889
114.800000,0.008481
114.900000,-0.022265
115.000000,-0.056732
115.100000,-0.093955
115.200000,-0.132652
115.300000,-0.171285
115.400000,-0.208130
115.500000,-0.241379
115.600000,-0.269234
115.700000,-0.290018
115.800000,-0.302278
115.900000,-0.304879
116.000000,-0.297083
116.100000,-0.278607
116.200000,-0.249659
116.300000,-0.210948
116.400000,-0.163659
116.500000,-0.109408
116.600000,-0.050173
116.700000,0.011799
116.800000,0.074105
116.900000,0.134295
117.000000,0.190000
117.100000,0.239044
117.200000,0.279553
117.300000,0.310043
117.400000,0.329491
117.500000,0.337376
117.600000,0.333695
117.700000,0.318954
117.800000,0.294126
117.900000,0.260590
118.000000,0.220050
118.100000,0.174433
118.200000,0.125783
118.300000,0.076154
118.400000,0.027500
118.500000,-0.018418
118.600000,-0.060112
118.700000,-0.096434
118.800000,-0.126607
118.900000,-0.150242
119.000000,-0.167329
119.100000,-0.178200
119.200000,-0.183479
119.300000,-0.184013
119.400000,-0.180788
119.500000,-0.174848
119.600000,-0.167208
119.700000,-0.158778
119.800000,-0.150294
119.900000,-0.142269
120.000000,-0.134964
120.100000,-0.128373
120.200000,-0.122239
120.300000,-0.116084
120.400000,-0.109259
120.500000,-0.101009
120.600000,-0.090547
120.700000,-0.077136
120.800000,-0.060163
120.900000,-0.039212
121.000000,-0.014123
121.100000,0.014962
121.200000,0.047582
121.300000,0.082950
121.400000,0.119978
121.500000,0.157316
121.600000,0.193421
121.700000,0.226632
121.800000,0.255263
121.900000,0.277698
122.000000,0.292489
122.100000,0.298450
122.200000,0.294735
122.300000,0.280899
122.400000,0.256947
122.500000,0.223348
122.600000,0.181027
122.700000,0.131340
122.800000,0.076010
122.900000,0.017056
123.000000,-0.043306
123.100000,-0.102765
123.200000,-0.159029
123.300000,-0.209933
123.400000,-0.253548
123.500000,-0.288271
123.600000,-0.312898
123.700000,-0.326679
123.800000,-0.329346
123.900000,-0.321115
124.000000,-0.302662
124.100000,-0.275079
124.200000,-0.239807
124.300000,-0.198546
124.400000,-0.153167
124.500000,-0.105606
124.600000,-0.057765
124.700000,-0.011419
124.800000,0.031872
124.900000,0.070824
125.000000,0.104481
125.100000,0.132236
125.200000,0.153841
125.300000,0.169381
125.400000,0.179240
125.500000,0.184044
125.600000,0.184592
125.700000,0.181784
125.800000,0.176540
125.900000,0.169728
126.000000,0.162095
126.100000,0.154218
126.200000,0.146458
126.300000,0.138951
126.400000,0.131599
126.500000,0.124095
126.600000,0.115961
126.700000,0.106594
126.800000,0.095335
126.900000,0.081540
127.000000,0.064643
127.100000,0.044233
127.200000,0.020110
127.300000,-0.007673
127.400000,-0.038777
127.500000,-0.072564
127.600000,-0.108116
127.700000,-0.144259
127.800000,-0.179615
127.900000,-0.212671
128.000000,-0.241855
128.100000,-0.265627
128.200000,-0.282565
128.300000,-0.291457
128.400000,-0.291379
128.500000,-0.281757
128.600000,-0.262422
128.700000,-0.233634
128.800000,-0.196087
128.900000,-0.150891
129.000000,-0.099529
129.100000,-0.043795
129.200000,0.014286
129.300000,0.072555
129.400000,0.128816
129.500000,0.180946
129.600000,0.226994
129.700000,0.265271
129.800000,0.294431
129.900000,0.313533
130.000000,0.322073
130.100000,0.320006
130.200000,0.307733
130.300000,0.286070
130.400000,0.256197
130.500000,0.219585
130.600000,0.177914
130.700000,0.132982
130.800000,0.086608
130.900000,0.040545
131.000000,-0.003607
131.100000,-0.044471
131.200000,-0.080945
131.300000,-0.112242
131.400000,-0.137900
131.500000,-0.157777
131.600000,-0.172031
131.700000,-0.181072
131.800000,-0.185507
131.900000,-0.186079
132.000000,-0.183594
132.100000,-0.178851
132.200000,-0.172579
132.300000,-0.165381
132.400000,-0.157693
132.500000,-0.149755
132.600000,-0.141606
132.700000,-0.133088
132.800000,-0.123874
132.900000,-0.113509
133.000000,-0.101463
133.100000,-0.087187
133.200000,-0.070183
133.300000,-0.050062
133.400000,-0.026606
133.500000,0.000189
133.600000,0.030079
133.700000,0.062553
133.800000,0.096836
133.900000,0.131909
134.000000,0.166551
134.100000,0.199387
134.200000,0.228964
134.300000,0.253824
134.400000,0.272588
134.500000,0.284040
134.600000,0.287201
134.700000,0.281398
134.800000,0.266318
134.900000,0.242040
135.000000,0.209051
135.100000,0.168236
135.200000,0.120852
135.300000,0.068478
135.400000,0.012944
135.500000,-0.043749
135.600000,-0.099522
135.700000,-0.152312
135.800000,-0.200174
135.900000,-0.241367
136.000000,-0.274439
136.100000,-0.298288
136.200000,-0.312210
136.300000,-0.315925
136.400000,-0.309580
136.500000,-0.293733
136.600000,-0.269310
136.700000,-0.237549
136.800000,-0.199933
136.900000,-0.158101
137.000000,-0.113768
137.100000,-0.068635
137.200000,-0.024306
137.300000,0.017781
137.400000,0.056417
137.500000,0.090662
137.600000,0.119871
137.700000,0.143702
137.800000,0.162098
137.900000,0.175262
138.000000,0.183611
138.100000,0.187722
138.200000,0.188271
138.300000,0.185968
138.400000,0.181498
138.500000,0.175462
138.600000,0.168337
138.700000,0.160443
138.800000,0.151924
138.900000,0.142749
139.000000,0.132728
139.100000,0.121541
139.200000,0.108780
139.300000,0.093999
139.400000,0.076775
139.500000,0.056758
139.600000,0.033731
139.700000,0.007656
139.800000,-0.021291
139.900000,-0.052701
140.000000,-0.085921
140.100000,-0.120069
140.200000,-0.154061
140.300000,-0.186658
140.400000,-0.216520
140.500000,-0.242277
140.600000,-0.262605
140.700000,-0.276298
140.800000,-0.282348
140.900000,-0.280006
141.000000,-0.268840
141.100000,-0.248776
141.200000,-0.220117
141.300000,-0.183547
141.400000,-0.140112
141.500000,-0.091182
141.600000,-0.038398
141.700000,0.016403
141.800000,0.071267
141.900000,0.124215
142.000000,0.173329
142.100000,0.216846
142.200000,0.253237
142.300000,0.281271
142.400000,0.300075
142.500000,0.309163
142.600000,0.308452
142.700000,0.298256
142.800000,0.279260
142.900000,0.252474
143.000000,0.219173
143.100000,0.180831
143.200000,0.139035
143.300000,0.095409
143.400000,0.051535
143.500000,0.008876
143.600000,-0.031283
143.700000,-0.067881
143.800000,-0.100121
143.900000,-0.127479
144.000000,-0.149707
144.100000,-0.166812
144.200000,-0.179022
144.300000,-0.186747
144.400000,-0.190523
144.500000,-0.190953
144.600000,-0.188656
144.700000,-0.184208
144.800000,-0.178100
144.900000,-0.170700
145.000000,-0.162234
145.100000,-0.152775
145.200000,-0.142249
145.300000,-0.130459
145.400000,-0.117112
145.500000,-0.101865
145.600000,-0.084372
145.700000,-0.064336
145.800000,-0.041559
145.900000,-0.015987
146.000000,0.012252
146.100000,0.042825
146.200000,0.075180
146.300000,0.108552
146.400000,0.141983
146.500000,0.174353
146.600000,0.204435
146.700000,0.230949
146.800000,0.252629
146.900000,0.268297
147.000000,0.276931
147.100000,0.277727
147.200000,0.270161
147.300000,0.254027
147.400000,0.229469
147.500000,0.196989
147.600000,0.157439
147.700000,0.111995
147.800000,0.062111
147.900000,0.009459
148.000000,-0.044141
148.100000,-0.096805
148.200000,-0.146664
148.300000,-0.191958
148.400000,-0.231106
148.500000,-0.262782
148.600000,-0.285970
148.700000,-0.300005
148.800000,-0.304599
148.900000,-0.299842
149.000000,-0.286189
149.100000,-0.264427
149.200000,-0.235627
149.300000,-0.201084
149.400000,-0.162245
149.500000,-0.120636
149.600000,-0.077789
149.700000,-0.035165
149.800000,0.005902
149.900000,0.044267
150.000000,0.079003
150.100000,0.109435
150.200000,0.135139
150.300000,0.155941
150.400000,0.171890
150.500000,0.183229
150.600000,0.190345
150.700000,0.193726
150.800000,0.193906
150.900000,0.191413
151.000000,0.186727
151.100000,0.180242
151.200000,0.172239
151.300000,0.162871
151.400000,0.152163
151.500000,0.140022
151.600000,0.126263
151.700000,0.110641
151.800000,0.092890
151.900000,0.072773
152.000000,0.050123
152.100000,0.024886
152.200000,-0.002837
152.300000,-0.032771
152.400000,-0.064444
152.500000,-0.097190
152.600000,-0.130157
152.700000,-0.162340
152.800000,-0.192612
152.900000,-0.219782
153.000000,-0.242650
153.100000,-0.260074
153.200000,-0.271029
153.300000,-0.274679
153.400000,-0.270425
153.500000,-0.257953
153.600000,-0.237270
153.700000,-0.208716
153.800000,-0.172965
153.900000,-0.131012
154.000000,-0.084130
154.100000,-0.033831
154.200000,0.018205
154.300000,0.070199
154.400000,0.120351
154.500000,0.166919
154.600000,0.208300
154.700000,0.243096
154.800000,0.270177
154.900000,0.288726
155.000000,0.298271
155.100000,0.298700
155.200000,0.290253
155.300000,0.273503
155.400000,0.249318
155.500000,0.218809
155.600000,0.183274
155.700000,0.144125
155.800000,0.102819
155.900000,0.060793
156.000000,0.019396
156.100000,-0.020163
156.200000,-0.056861
156.300000,-0.089893
156.400000,-0.118682
156.500000,-0.142889
156.600000,-0.162395
156.700000,-0.177277
156.800000,-0.187777
156.900000,-0.194254
157.000000,-0.197145
157.100000,-0.196913
157.200000,-0.194007
157.300000,-0.188821
157.400000,-0.181669
157.500000,-0.172762
157.600000,-0.162201
157.700000,-0.149987
157.800000,-0.136026
157.900000,-0.120165
158.000000,-0.102220
158.100000,-0.082013
158.200000,-0.059420
158.300000,-0.034400
158.400000,-0.007041
158.500000,0.022419
158.600000,0.053572
158.700000,0.085831
158.800000,0.118439
158.900000,0.150487
159.000000,0.180945
159.100000,0.208707
159.200000,0.232638
159.300000,0.251637
159.400000,0.264694
159.500000,0.270949
159.600000,0.269749
159.700000,0.260692
159.800000,0.243665
159.900000,0.218868
160.000000,0.186814
160.100000,0.148327
160.200000,0.104515
160.300000,0.056728
160.400000,0.006505
160.500000,-0.044488
160.600000,-0.094528
160.700000,-0.141916
160.800000,-0.185042
160.900000,-0.222462
161.000000,-0.252957
161.100000,-0.275584
161.200000,-0.289711
161.300000,-0.295043
161.400000,-0.291621
161.500000,-0.279815
161.600000,-0.260296
161.700000,-0.233991
161.800000,-0.202039
161.900000,-0.165724
162.000000,-0.126415
162.100000,-0.085498
162.200000,-0.044316
162.300000,-0.004111
162.400000,0.034020
162.500000,0.069168
162.600000,0.100627
162.700000,0.127908
162.800000,0.150736
162.900000,0.169032
163.000000,0.182891
163.100000,0.192542
163.200000,0.198313
163.300000,0.200588
163.400000,0.199766
163.500000,0.196222
163.600000,0.190280
163.700000,0.182189
163.800000,0.172109
163.900000,0.160110
164.000000,0.146184
164.100000,0.130259
164.200000,0.112225
164.300000,0.091970
164.400000,0.069413
164.500000,0.044540
164.600000,0.017438
164.700000,-0.011680
164.800000,-0.042448
164.900000,-0.074347
165.000000,-0.106696
165.100000,-0.138672
165.200000,-0.169331
165.300000,-0.197645
165.400000,-0.222547
165.500000,-0.242980
165.600000,-0.257953
165.700000,-0.266599
165.800000,-0.268223
165.900000,-0.262354
166.000000,-0.248778
166.100000,-0.227569
166.200000,-0.199100
166.300000,-0.164037
166.400000,-0.123329
166.500000,-0.078172
166.600000,-0.029967
166.700000,0.019739
166.800000,0.069312
166.900000,0.117106
167.000000,0.161526
167.100000,0.201103
167.200000,0.234552
167.300000,0.260824
167.400000,0.279154
167.500000,0.289082
167.600000,0.290469
167.700000,0.283494
167.800000,0.268636
167.900000,0.246643
168.000000,0.218488
168.100000,0.185321
168.200000,0.148404
168.300000,0.109056
168.400000,0.068592
168.500000,0.028263
168.600000,-0.010787
168.700000,-0.047567
168.800000,-0.081262
168.900000,-0.111255
169.000000,-0.137128
169.100000,-0.158657
169.200000,-0.175792
169.300000,-0.188631
169.400000,-0.197388
169.500000,-0.202355
169.600000,-0.203867
169.700000,-0.202264
169.800000,-0.197859
169.900000,-0.190919
170.000000,-0.181643
170.100000,-0.170158
170.200000,-0.156521
170.300000,-0.140732
170.400000,-0.122753
170.500000,-0.102533
170.600000,-0.080038
170.700000,-0.055286
170.800000,-0.028374
170.900000,0.000495
171.000000,0.030988
171.100000,0.062633
171.200000,0.094814
171.300000,0.126781
171.400000,0.157667
171.500000,0.186515
171.600000,0.212321
171.700000,0.234076
171.800000,0.250814
171.900000,0.261668
172.000000,0.265916
172.100000,0.263029
172.200000,0.252713
172.300000,0.234931
172.400000,0.209927
172.500000,0.178229
172.600000,0.140636
172.700000,0.098198
172.800000,0.052177
172.900000,0.004001
173.000000,-0.044793
173.100000,-0.092622
173.200000,-0.137923
173.300000,-0.179219
173.400000,-0.215180
173.500000,-0.244676
173.600000,-0.266826
173.700000,-0.281028
173.800000,-0.286979
173.900000,-0.284680
174.000000,-0.274430
174.100000,-0.256800
174.200000,-0.232599
174.300000,-0.202832
174.400000,-0.168647
174.500000,-0.131277
174.600000,-0.091990
174.700000,-0.052026
174.800000,-0.012553
174.900000,0.025380
175.000000,0.060871
175.100000,0.093192
175.200000,0.121800
175.300000,0.146335
175.400000,0.166610
175.500000,0.182593
175.600000,0.194382
175.700000,0.202169
175.800000,0.206213
175.900000,0.206802
176.000000,0.204224
176.100000,0.198744
176.200000,0.190581
176.300000,0.179903
176.400000,0.166820
176.500000,0.151391
176.600000,0.133640
176.700000,0.113573
176.800000,0.091206
176.900000,0.066591
177.000000,0.039843
177.100000,0.011165
177.200000,-0.019130
177.300000,-0.050606
177.400000,-0.082698
177.500000,-0.114716
177.600000,-0.145858
177.700000,-0.175235
177.800000,-0.201900
177.900000,-0.224891
178.000000,-0.243270
178.100000,-0.256177
178.200000,-0.262874
178.300000,-0.262788
178.400000,-0.255554
178.500000,-0.241045
178.600000,-0.219390
178.700000,-0.190988
178.800000,-0.156502
178.900000,-0.116842
179.000000,-0.073138
179.100000,-0.026697
179.200000,0.021044
179.300000,0.068576
179.400000,0.114381
179.500000,0.156988
179.600000,0.195042
179.700000,0.227352
179.800000,0.252940
179.900000,0.271083
180.000000,0.281331
180.100000,0.283523
180.200000,0.277786
180.300000,0.264521
180.400000,0.244375
180.500000,0.218205
180.600000,0.187035
180.700000,0.152002
180.800000,0.114307
180.900000,0.075162
181.000000,0.035736
181.100000,-0.002882
181.200000,-0.039727
181.300000,-0.073979
181.400000,-0.104985
181.500000,-0.132261
181.600000,-0.155495
181.700000,-0.174528
181.800000,-0.189340
181.900000,-0.200019
182.000000,-0.206739
182.100000,-0.209724
182.200000,-0.209221
182.300000,-0.205479
182.400000,-0.198720
182.500000,-0.189136
182.600000,-0.176873
182.700000,-0.162039
182.800000,-0.144711
182.900000,-0.124947
183.000000,-0.102808
183.100000,-0.078384
183.200000,-0.051811
183.300000,-0.023301
183.400000,0.006843
183.500000,0.038210
183.600000,0.070273
183.700000,0.102392
183.800000,0.133821
183.900000,0.163728
184.000000,0.191221
184.100000,0.215380
184.200000,0.235300
184.300000,0.250132
184.400000,0.259127
184.500000,0.261681
184.600000,0.257371
184.700000,0.245989
184.800000,0.227567
184.900000,0.202388
185.000000,0.170987
185.100000,0.134145
185.200000,0.092863
185.300000,0.048329
185.400000,0.001879
185.500000,-0.045062
185.600000,-0.091025
185.700000,-0.134566
185.800000,-0.174318
185.900000,-0.209046
186.000000,-0.237697
186.100000,-0.259443
186.200000,-0.273705
186.300000,-0.280174
186.400000,-0.278821
186.500000,-0.269881
186.600000,-0.253842
186.700000,-0.231414
186.800000,-0.203490
186.900000,-0.171100
187.000000,-0.135369
187.100000,-0.097458
187.200000,-0.058523
187.300000,-0.019669
187.400000,0.018093
187.500000,0.053871
187.600000,0.086918
187.700000,0.116643
187.800000,0.142615
187.900000,0.164557
188.000000,0.182332
188.100000,0.195923
188.200000,0.205412
188.300000,0.210949
188.400000,0.212730
188.500000,0.210969
188.600000,0.205879
188.700000,0.197660
188.800000,0.186480
188.900000,0.172484
189.000000,0.155790
189.100000,0.136500
189.200000,0.114720
189.300000,0.090573
189.400000,0.064222
189.500000,0.035890
189.600000,0.005882
189.700000,-0.025409
189.800000,-0.057483
189.900000,-0.089741
190.000000,-0.121482
190.100000,-0.151924
190.200000,-0.180221
190.300000,-0.205498
190.400000,-0.226877
190.500000,-0.243525
190.600000,-0.254690
190.700000,-0.259742
190.800000,-0.258213
190.900000,-0.249827
191.000000,-0.234527
191.100000,-0.212493
191.200000,-0.184147
191.300000,-0.150145
191.400000,-0.111367
191.500000,-0.068885
191.600000,-0.023930
191.700000,0.022155
191.800000,0.067966
191.900000,0.112092
192.000000,0.153170
192.100000,0.189938
192.200000,0.221285
192.300000,0.246294
192.400000,0.264277
192.500000,0.274791
192.600000,0.277660
192.700000,0.272966
192.800000,0.261043
192.900000,0.242454
193.000000,0.217957
193.100000,0.188471
193.200000,0.155027
193.300000,0.118728
193.400000,0.080697
193.500000,0.042035
193.600000,0.003783
193.700000,-0.033114
193.800000,-0.067834
193.900000,-0.099691
194.000000,-0.128149
194.100000,-0.152819
194.200000,-0.173453
194.300000,-0.189927
194.400000,-0.202229
194.500000,-0.210428
194.600000,-0.214656
194.700000,-0.215084
194.800000,-0.211901
194.900000,-0.205299
195.000000,-0.195457
195.100000,-0.182540
195.200000,-0.166700
195.300000,-0.148074
195.400000,-0.126806
195.500000,-0.103051
195.600000,-0.076998
195.700000,-0.048889
195.800000,-0.019030
195.900000,0.012191
196.000000,0.044297
196.100000,0.076714
196.200000,0.108783
196.300000,0.139761
196.400000,0.168845
196.500000,0.195197
196.600000,0.217968
196.700000,0.236341
196.800000,0.249566
196.900000,0.256993
197.000000,0.258117
197.100000,0.252605
197.200000,0.240324
197.300000,0.221360
197.400000,0.196030
197.500000,0.164878
197.600000,0.128667
197.700000,0.088357
197.800000,0.045077
197.900000,0.000080
198.000000,-0.045298
198.100000,-0.089688
198.200000,-0.131744
198.300000,-0.170192
198.400000,-0.203878
198.500000,-0.231815
198.600000,-0.253217
198.700000,-0.267527
198.800000,-0.274433
198.900000,-0.273874
199.000000,-0.266037
199.100000,-0.251339
199.200000,-0.230406
199.300000,-0.204035
199.400000,-0.173161
199.500000,-0.138811
199.600000,-0.102062
199.700000,-0.063998
199.800000,-0.025667
199.900000,0.011948
200.000000,0.047965
200.100000,0.081622
200.200000,0.112287
200.300000,0.139470
200.400000,0.162817
200.500000,0.182102
200.600000,0.197214
200.700000,0.208138
200.800000,0.214936
200.900000,0.217723
201.000000,0.216653
201.100000,0.211896
201.200000,0.203630
201.300000,0.192030
201.400000,0.177267
201.500000,0.159507
201.600000,0.138921
201.700000,0.115697
201.800000,0.090047
201.900000,0.062232
202.000000,0.032565
202.100000,0.001433
202.200000,-0.030699
202.300000,-0.063281
202.400000,-0.095680
202.500000,-0.127190
202.600000,-0.157043
202.700000,-0.184432
202.800000,-0.208539
202.900000,-0.228560
203.000000,-0.243749
203.100000,-0.253444
203.200000,-0.257109
203.300000,-0.254361
203.400000,-0.245001
203.500000,-0.229034
203.600000,-0.206679
203.700000,-0.178376
203.800000,-0.144780
203.900000,-0.106744
204.000000,-0.065292
204.100000,-0.021589
204.200000,0.023100
204.300000,0.067460
204.400000,0.110171
204.500000,0.149957
204.600000,0.185639
204.700000,0.216173
204.800000,0.240692
204.900000,0.258536
205.000000,0.269274
205.100000,0.272711
205.200000,0.268894
205.300000,0.258102
205.400000,0.240825
205.500000,0.217739
205.600000,0.189673
205.700000,0.157571
205.800000,0.122449
205.900000,0.085359
206.000000,0.047343
206.100000,0.009403
206.200000,-0.027537
206.300000,-0.062649
206.400000,-0.095222
206.500000,-0.124675
206.600000,-0.150555
206.700000,-0.172537
206.800000,-0.190415
206.900000,-0.204084
207.000000,-0.213531
207.100000,-0.218809
207.200000,-0.220024
207.300000,-0.217316
207.400000,-0.210846
207.500000,-0.200789
207.600000,-0.187324
207.700000,-0.170635
207.800000,-0.150918
207.900000,-0.128381
208.000000,-0.103263
208.100000,-0.075838
208.200000,-0.046432
208.300000,-0.015434
208.400000,0.016697
208.500000,0.049427
208.600000,0.082145
208.700000,0.114173
208.800000,0.144773
208.900000,0.173166
209.000000,0.198556
209.100000,0.220157
209.200000,0.237228
209.300000,0.249096
209.400000,0.255201
209.500000,0.255119
209.600000,0.248592
209.700000,0.235550
209.800000,0.216128
209.900000,0.190668
210.000000,0.159723
210.100000,0.124043
210.200000,0.084552
210.300000,0.042328
210.400000,-0.001444
210.500000,-0.045504
210.600000,-0.088568
210.700000,-0.129371
210.800000,-0.166718
210.900000,-0.199524
211.000000,-0.226858
211.100000,-0.247968
211.200000,-0.262317
211.300000,-0.269588
211.400000,-0.269697
211.500000,-0.262789
211.600000,-0.249221
211.700000,-0.229548
211.800000,-0.204487
211.900000,-0.174891
212.000000,-0.141708
212.100000,-0.105940
212.200000,-0.068611
212.300000,-0.030724
212.400000,0.006766
212.500000,0.042983
212.600000,0.077152
212.700000,0.108608
212.800000,0.136811
212.900000,0.161342
213.000000,0.181900
213.100000,0.198295
213.200000,0.210430
213.300000,0.218292
213.400000,0.221930
213.500000,0.221444
213.600000,0.216969
213.700000,0.208666
213.800000,0.196713
213.900000,0.181304
214.000000,0.162647
214.100000,0.140969
214.200000,0.116527
214.300000,0.089612
214.400000,0.060561
214.500000,0.029767
214.600000,-0.002314
214.700000,-0.035157
214.800000,-0.068168
214.900000,-0.100688
215.000000,-0.132005
215.100000,-0.161364
215.200000,-0.187989
215.300000,-0.211109
215.400000,-0.229987
215.500000,-0.243945
215.600000,-0.252401
215.700000,-0.254895
215.800000,-0.251119
215.900000,-0.240937
216.000000,-0.224404
216.100000,-0.201776
216.200000,-0.173509
216.300000,-0.140254
216.400000,-0.102841
216.500000,-0.062256
216.600000,-0.019609
216.700000,0.023904
216.800000,0.067041
216.900000,0.108557
217.000000,0.147254
217.100000,0.182019
217.200000,0.211865
217.300000,0.235969
217.400000,0.253696
217.500000,0.264620
217.600000,0.268534
217.700000,0.265456
217.800000,0.255617
217.900000,0.239445
218.000000,0.217548
218.100000,0.190680
218.200000,0.159709
218.300000,0.125582
218.400000,0.089287
218.500000,0.051817
218.600000,0.014141
218.700000,-0.022833
218.800000,-0.058273
218.900000,-0.091449
219.000000,-0.121740
219.100000,-0.148639
219.200000,-0.171759
219.300000,-0.190819
219.400000,-0.205643
219.500000,-0.216143
219.600000,-0.222307
219.700000,-0.224187
219.800000,-0.221880
219.900000,-0.215525
220.000000,-0.205288
220.100000,-0.191361
220.200000,-0.173959
220.300000,-0.153322
220.400000,-0.129717
220.500000,-0.103449
220.600000,-0.074866
220.700000,-0.044367
220.800000,-0.012408
220.900000,0.020492
221.000000,0.053750
221.100000,0.086725
221.200000,0.118720
221.300000,0.149002
221.400000,0.176813
221.500000,0.201393
221.600000,0.222010
221.700000,0.237981
221.800000,0.248707
221.900000,0.253697
222.000000,0.252596
222.100000,0.245212
222.200000,0.231528
222.300000,0.211717
222.400000,0.186146
222.500000,0.155375
222.600000,0.120140
222.700000,0.081339
222.800000,0.040003
222.900000,-0.002736
223.000000,-0.045685
223.100000,-0.087630
223.200000,-0.127376
223.300000,-0.163794
223.400000,-0.195857
223.500000,-0.222679
223.600000,-0.243543
223.700000,-0.257922
223.800000,-0.265500
223.900000,-0.266172
224.000000,-0.260045
224.100000,-0.247430
224.200000,-0.228818
224.300000,-0.204862
224.400000,-0.176344
224.500000,-0.144145
224.600000,-0.109206
224.700000,-0.072498
224.800000,-0.034987
224.900000,0.002396
225.000000,0.038781
225.100000,0.073380
225.200000,0.105502
225.300000,0.134564
225.400000,0.160092
225.500000,0.181724
225.600000,0.199200
225.700000,0.212357
225.800000,0.221117
225.900000,0.225473
226.000000,0.225481
226.100000,0.221246
226.200000,0.212914
226.300000,0.200665
226.400000,0.184712
226.500000,0.165299
226.600000,0.142702
226.700000,0.117234
226.800000,0.089251
226.900000,0.059158
227.000000,0.027412
227.100000,-0.005469
227.200000,-0.038913
227.300000,-0.072287
227.400000,-0.104912
227.500000,-0.136068
227.600000,-0.165010
227.700000,-0.190992
227.800000,-0.213282
227.900000,-0.231196
228.000000,-0.244116
228.100000,-0.251527
228.200000,-0.253033
228.300000,-0.248389
228.400000,-0.237512
228.500000,-0.220502
228.600000,-0.197642
228.700000,-0.169403
228.800000,-0.136434
228.900000,-0.099546
229.000000,-0.059691
229.100000,-0.017933
229.200000,0.024589
229.300000,0.066693
229.400000,0.107202
229.500000,0.144980
229.600000,0.178970
229.700000,0.208235
229.800000,0.231988
229.900000,0.249614
230.000000,0.260693
230.100000,0.265009
230.200000,0.262553
230.300000,0.253515
230.400000,0.238275
230.500000,0.217381
230.600000,0.191523
230.700000,0.161507
230.800000,0.128219
230.900000,0.092595
231.000000,0.055588
231.100000,0.018136
231.200000,-0.018865
231.300000,-0.054581
231.400000,-0.088264
231.500000,-0.119260
231.600000,-0.147018
231.700000,-0.171096
231.800000,-0.191153
231.900000,-0.206951
232.000000,-0.218340
232.100000,-0.225253
232.200000,-0.227694
232.300000,-0.225728
232.400000,-0.219470
232.500000,-0.209083
232.600000,-0.194769
232.700000,-0.176766
232.800000,-0.155353
232.900000,-0.130848
233.000000,-0.103611
233.100000,-0.074052
233.200000,-0.042630
233.300000,-0.009860
233.400000,0.023689
233.500000,0.057394
233.600000,0.090586
233.700000,0.122556
233.800000,0.152571
233.900000,0.179892
234.000000,0.203791
234.100000,0.223578
234.200000,0.238623
234.300000,0.248385
234.400000,0.252433
234.500000,0.250474
234.600000,0.242366
234.700000,0.228139
234.800000,0.207998
234.900000,0.182333
235.000000,0.151707
235.100000,0.116846
235.200000,0.078625
235.300000,0.038039
235.400000,-0.003831
235.500000,-0.045844
235.600000,-0.086844
235.700000,-0.125698
235.800000,-0.161332
235.900000,-0.192768
236.000000,-0.219158
236.100000,-0.239811
236.200000,-0.254216
236.300000,-0.262050
236.400000,-0.263195
236.500000,-0.257727
236.600000,-0.245913
236.700000,-0.228197
236.800000,-0.205172
236.900000,-0.177564
237.000000,-0.146195
237.100000,-0.111956
237.200000,-0.075773
237.300000,-0.038580
237.400000,-0.001290
237.500000,0.035235
237.600000,0.070196
237.700000,0.102878
237.800000,0.132664
237.900000,0.159033
238.000000,0.181570
238.100000,0.199958
238.200000,0.213977
238.300000,0.223495
238.400000,0.228459
238.500000,0.228884
238.600000,0.224852
238.700000,0.216496
238.800000,0.203999
238.900000,0.187590
239.000000,0.167541
239.100000,0.144168
239.200000,0.117835
239.300000,0.088952
239.400000,0.057980
239.500000,0.025431
239.600000,-0.008127
239.700000,-0.042078
239.800000,-0.075760
239.900000,-0.108474
240.000000,-0.139495
240.100000,-0.168088
240.200000,-0.193528
240.300000,-0.215120
240.400000,-0.232220
240.500000,-0.244266
240.600000,-0.250795
240.700000,-0.251468
240.800000,-0.246091
240.900000,-0.234628
241.000000,-0.217214
241.100000,-0.194157
241.200000,-0.165941
241.300000,-0.133211
241.400000,-0.096764
241.500000,-0.057524
241.600000,-0.016514
241.700000,0.025171
241.800000,0.066405
241.900000,0.106065
242.000000,0.143066
242.100000,0.176402
242.200000,0.205177
242.300000,0.228632
242.400000,0.246171
242.500000,0.257380
242.600000,0.262034
242.700000,0.260101
242.800000,0.251739
242.900000,0.237284
243.000000,0.217235
243.100000,0.192229
243.200000,0.163018
243.300000,0.130439
243.400000,0.095383
243.500000,0.058766
243.600000,0.021504
243.700000,-0.015518
243.800000,-0.051466
243.900000,-0.085575
244.000000,-0.117165
244.100000,-0.145647
244.200000,-0.170532
244.300000,-0.191431
244.400000,-0.208050
244.500000,-0.220189
244.600000,-0.227734
244.700000,-0.230650
244.800000,-0.228971
244.900000,-0.222797
245.000000,-0.212285
245.100000,-0.197645
245.200000,-0.179137
245.300000,-0.157071
245.400000,-0.131807
245.500000,-0.103754
245.600000,-0.073371
245.700000,-0.041170
245.800000,-0.007715
245.900000,0.026382
246.000000,0.060465
246.100000,0.093841
246.200000,0.125790
246.300000,0.155582
246.400000,0.182491
246.500000,0.205817
246.600000,0.224904
246.700000,0.239169
246.800000,0.248118
246.900000,0.251372
247.000000,0.248688
247.100000,0.239969
247.200000,0.225283
247.300000,0.204864
247.400000,0.179118
247.500000,0.148612
247.600000,0.114066
247.700000,0.076334
247.800000,0.036378
247.900000,-0.004758
248.000000,-0.045982
248.100000,-0.086187
248.200000,-0.124288
248.300000,-0.159260
248.400000,-0.190165
248.500000,-0.216190
248.600000,-0.236665
248.700000,-0.251089
248.800000,-0.259140
248.900000,-0.260682
249.000000,-0.255768
249.100000,-0.244631
249.200000,-0.227668
249.300000,-0.205430
249.400000,-0.178589
249.500000,-0.147920
249.600000,-0.114272
249.700000,-0.078533
249.800000,-0.041610
249.900000,-0.004397
250.000000,0.032244
250.100000,0.067508
250.200000,0.100663
250.300000,0.131058
250.400000,0.158136
250.500000,0.181435
250.600000,0.200593
250.700000,0.215340
250.800000,0.225497
250.900000,0.230973
251.000000,0.231753
251.100000,0.227893
251.200000,0.219518
251.300000,0.206813
251.400000,0.190019
251.500000,0.169434
251.600000,0.145409
251.700000,0.118347
251.800000,0.088704
251.900000,0.056990
252.000000,0.023765
252.100000,-0.010364
252.200000,-0.044745
252.300000,-0.078687
252.400000,-0.111477
252.500000,-0.142386
252.600000,-0.170686
252.700000,-0.195670
252.800000,-0.216673
252.900000,-0.233089
253.000000,-0.244397
253.100000,-0.250183
253.200000,-0.250153
253.300000,-0.244157
253.400000,-0.232198
253.500000,-0.214442
253.600000,-0.191218
253.700000,-0.163020
253.800000,-0.130491
253.900000,-0.094416
254.000000,-0.055693
254.100000,-0.015315
254.200000,0.025666
254.300000,0.066167
254.400000,0.105110
254.500000,0.141456
254.600000,0.174240
254.700000,0.202600
254.800000,0.225803
254.900000,0.243268
255.000000,0.254586
255.100000,0.259523
255.200000,0.258030
255.300000,0.250237
255.400000,0.236444
255.500000,0.217107
255.600000,0.192821
255.700000,0.164289
255.800000,0.132308
255.900000,0.097731
256.000000,0.061445
256.100000,0.024344
256.200000,-0.012695
256.300000,-0.048837
256.400000,-0.083305
256.500000,-0.115395
256.600000,-0.144487
256.700000,-0.170053
256.800000,-0.191660
256.900000,-0.208972
257.000000,-0.221744
257.100000,-0.229823
257.200000,-0.233140
257.300000,-0.231705
257.400000,-0.225603
257.500000,-0.214986
257.600000,-0.200072
257.700000,-0.181139
257.800000,-0.158523
257.900000,-0.132620
258.000000,-0.103877
258.100000,-0.072800
258.200000,-0.039942
258.300000,-0.005909
258.400000,0.028651
258.500000,0.063054
258.600000,0.096586
258.700000,0.128519
258.800000,0.158123
258.900000,0.184686
259.000000,0.207528
259.100000,0.226026
259.200000,0.239633
259.300000,0.247896
259.400000,0.250482
259.500000,0.247185
259.600000,0.237950
259.700000,0.222876
259.800000,0.202222
259.900000,0.176406
260.000000,0.146001
260.100000,0.111720
260.200000,0.074398
260.300000,0.034974
260.400000,-0.005545
260.500000,-0.046103
260.600000,-0.085636
260.700000,-0.123103
260.800000,-0.157515
260.900000,-0.187973
261.000000,-0.213689
261.100000,-0.234013
261.200000,-0.248452
261.300000,-0.256684
261.400000,-0.258561
261.500000,-0.254114
261.600000,-0.243545
261.700000,-0.227219
261.800000,-0.205642
261.900000,-0.179449
262.000000,-0.149372
262.100000,-0.116222
262.200000,-0.080858
262.300000,-0.044163
262.400000,-0.007018
262.500000,0.029720
262.600000,0.065240
262.700000,0.098792
262.800000,0.129700
262.900000,0.157375
263.000000,0.181318
263.100000,0.201124
263.200000,0.216485
263.300000,0.227183
263.400000,0.233092
263.500000,0.234170
263.600000,0.230457
263.700000,0.222067
263.800000,0.209187
263.900000,0.192070
264.000000,0.171034
264.100000,0.146459
264.200000,0.118782
264.300000,0.088499
264.400000,0.056160
264.500000,0.022362
264.600000,-0.012249
264.700000,-0.046992
264.800000,-0.081155
264.900000,-0.114010
265.000000,-0.144825
265.100000,-0.172878
265.200000,-0.197479
265.300000,-0.217985
265.400000,-0.233824
265.500000,-0.244512
265.600000,-0.249670
265.700000,-0.249047
265.800000,-0.242528
265.900000,-0.230151
266.000000,-0.212106
266.100000,-0.188741
266.200000,-0.160556
266.300000,-0.128197
266.400000,-0.092433
266.500000,-0.054146
266.600000,-0.014300
266.700000,0.026087
266.800000,0.065969
266.900000,0.104307
267.000000,0.140101
267.100000,0.172419
267.200000,0.200428
267.300000,0.223418
267.400000,0.240820
267.500000,0.252228
267.600000,0.257404
267.700000,0.256282
267.800000,0.248968
267.900000,0.235732
268.000000,0.216996
268.100000,0.193316
268.200000,0.165358
268.300000,0.133881
268.400000,0.099709
268.500000,0.063702
268.600000,0.026739
268.700000,-0.010314
268.800000,-0.046619
268.900000,-0.081389
269.000000,-0.113899
269.100000,-0.143505
269.200000,-0.169645
269.300000,-0.191850
269.400000,-0.209746
269.500000,-0.223053
269.600000,-0.231582
269.700000,-0.235238
269.800000,-0.234010
269.900000,-0.227969
270.000000,-0.217265
270.100000,-0.202120
270.200000,-0.182829
270.300000,-0.159751
270.400000,-0.133308
270.500000,-0.103986
270.600000,-0.072322
270.700000,-0.038910
270.800000,-0.004389
270.900000,0.030562
271.000000,0.065235
271.100000,0.098900
271.200000,0.130820
271.300000,0.160267
271.400000,0.186539
271.500000,0.208974
271.600000,0.226976
271.700000,0.240028
271.800000,0.247713
271.900000,0.249734
272.000000,0.245921
272.100000,0.236250
272.200000,0.220848
272.300000,0.199994
272.400000,0.174119
272.500000,0.143799
272.600000,0.109740
272.700000,0.072764
272.800000,0.033787
272.900000,-0.006211
273.000000,-0.046208
273.100000,-0.085175
273.200000,-0.122106
273.300000,-0.156047
273.400000,-0.186126
273.500000,-0.211580
273.600000,-0.231776
273.700000,-0.246228
273.800000,-0.254611
273.900000,-0.256770
274.000000,-0.252716
274.100000,-0.242627
274.200000,-0.226837
274.300000,-0.205819
274.400000,-0.180171
274.500000,-0.150593
274.600000,-0.117865
274.700000,-0.082818
274.800000,-0.046316
274.900000,-0.009228
275.000000,0.027591
275.100000,0.063326
275.200000,0.097212
275.300000,0.128553
275.400000,0.156731
275.500000,0.181216
275.600000,0.201569
275.700000,0.217448
275.800000,0.228602
275.900000,0.234876
276.000000,0.236207
276.100000,0.232618
276.200000,0.224217
276.300000,0.211190
276.400000,0.193801
276.500000,0.172386
276.600000,0.147347
276.700000,0.119152
276.800000,0.088330
276.900000,0.055462
277.000000,0.021182
277.100000,-0.013836
277.200000,-0.048885
277.300000,-0.083235
277.400000,-0.116146
277.500000,-0.146883
277.600000,-0.174728
277.700000,-0.199006
277.800000,-0.219095
277.900000,-0.234448
278.000000,-0.244611
278.100000,-0.249240
278.200000,-0.248117
278.300000,-0.241158
278.400000,-0.228427
278.500000,-0.210137
278.600000,-0.186652
278.700000,-0.158479
278.800000,-0.126260
278.900000,-0.090760
279.000000,-0.052840
279.100000,-0.013441
279.200000,0.026446
279.300000,0.065806
279.400000,0.103634
279.500000,0.138961
279.600000,0.170886
279.700000,0.198599
279.800000,0.221407
279.900000,0.238756
280.000000,0.250240
280.100000,0.255615
280.200000,0.254805
280.300000,0.247895
280.400000,0.235129
280.500000,0.216900
280.600000,0.193730
280.700000,0.166256
280.800000,0.135205
280.900000,0.101375
281.000000,0.065605
281.100000,0.028758
281.200000,-0.008306
281.300000,-0.044747
281.400000,-0.079771
281.500000,-0.112636
281.600000,-0.142674
281.700000,-0.169298
281.800000,-0.192008
281.900000,-0.210397
282.000000,-0.224154
282.100000,-0.233064
282.200000,-0.237006
282.300000,-0.235953
282.400000,-0.229964
282.500000,-0.219187
282.600000,-0.203849
282.700000,-0.184257
282.800000,-0.160788
282.900000,-0.133892
283.000000,-0.104080
283.100000,-0.071922
283.200000,-0.038043
283.300000,-0.003110
283.400000,0.032172
283.500000,0.067074
283.600000,0.100851
283.700000,0.132761
283.800000,0.162076
283.900000,0.188103
284.000000,0.210196
284.100000,0.227779
284.200000,0.240364
284.300000,0.247562
284.400000,0.249106
284.500000,0.244857
284.600000,0.234819
284.700000,0.219140
284.800000,0.198117
284.900000,0.172191
285.000000,0.141941
285.100000,0.108068
285.200000,0.071384
285.300000,0.032783
285.400000,-0.006775
285.500000,-0.046299
285.600000,-0.084789
285.700000,-0.121268
285.800000,-0.154811
285.900000,-0.184571
286.000000,-0.209804
286.100000,-0.229890
286.200000,-0.244352
286.300000,-0.252862
286.400000,-0.255258
286.500000,-0.251535
286.600000,-0.241850
286.700000,-0.226512
286.800000,-0.205965
286.900000,-0.180777
287.000000,-0.151621
287.100000,-0.119248
287.200000,-0.084469
287.300000,-0.048130
287.400000,-0.011092
287.500000,0.025795
287.600000,0.061710
287.700000,0.095878
287.800000,0.127582
287.900000,0.156185
288.000000,0.181127
288.100000,0.201942
288.200000,0.218257
288.300000,0.229796
288.400000,0.236379
288.500000,0.237924
288.600000,0.234441
288.700000,0.226030
288.800000,0.212880
288.900000,0.195263
289.000000,0.173528
289.100000,0.148098
289.200000,0.119467
289.300000,0.088189
289.400000,0.054877
289.500000,0.020190
289.600000,-0.015172
289.700000,-0.050481
289.800000,-0.084989
289.900000,-0.117948
290.000000,-0.148618
290.100000,-0.176290
290.200000,-0.200296
290.300000,-0.220033
290.400000,-0.234976
290.500000,-0.244697
290.600000,-0.248881
290.700000,-0.247335
290.800000,-0.240004
290.900000,-0.226974
291.000000,-0.208478
291.100000,-0.184891
291.200000,-0.156726
291.300000,-0.124627
291.400000,-0.089347
291.500000,-0.051736
291.600000,-0.012714
291.700000,0.026750
291.800000,0.065671
291.900000,0.103069
292.000000,0.138002
292.100000,0.169595
292.200000,0.197057
292.300000,0.219713
292.400000,0.237015
292.500000,0.248562
292.600000,0.254106
292.700000,0.253558
292.800000,0.246987
292.900000,0.234618
293.000000,0.216816
293.100000,0.194077
293.200000,0.167011
293.300000,0.136320
293.400000,0.102778
293.500000,0.067208
293.600000,0.030460
293.700000,-0.006612
293.800000,-0.043168
293.900000,-0.078405
294.000000,-0.111568
294.100000,-0.141972
294.200000,-0.169003
294.300000,-0.192138
294.400000,-0.210943
294.500000,-0.225080
294.600000,-0.234312
294.700000,-0.238496
294.800000,-0.237591
294.900000,-0.231647
295.000000,-0.220809
295.100000,-0.205309
295.200000,-0.185462
295.300000,-0.161665
295.400000,-0.134386
295.500000,-0.104161
295.600000,-0.071587
295.700000,-0.037313
295.800000,-0.002033
295.900000,0.033529
296.000000,0.068623
296.100000,0.102496
296.200000,0.134398
296.300000,0.163603
296.400000,0.189423
296.500000,0.211228
296.600000,0.228459
296.700000,0.240649
296.800000,0.247437
296.900000,0.248578
297.000000,0.243962
297.100000,0.233613
297.200000,0.217700
297.300000,0.196534
297.400000,0.170565
297.500000,0.140373
297.600000,0.106658
297.700000,0.070218
297.800000,0.031935
297.900000,-0.007254
298.000000,-0.046379
298.100000,-0.084466
298.200000,-0.120563
298.300000,-0.153770
298.400000,-0.183260
298.500000,-0.208306
298.600000,-0.228300
298.700000,-0.242769
298.800000,-0.251387
298.900000,-0.253981
299.000000,-0.250537
299.100000,-0.241193
299.200000,-0.226235
299.300000,-0.206085
299.400000,-0.181287
299.500000,-0.152486
299.600000,-0.120413
299.700000,-0.085860
299.800000,-0.049660
299.900000,-0.012664
300.000000,0.024280
300.100000,0.060347
300.200000,0.094751
300.300000,0.126762
300.400000,0.155722
300.500000,0.181050
300.600000,0.202254
300.700000,0.218938
300.800000,0.230801
300.900000,0.237646
301.000000,0.239371
301.100000,0.235977
301.200000,0.227559
301.300000,0.214306
301.400000,0.196497
301.500000,0.174492
301.600000,0.148734
301.700000,0.119734
301.800000,0.088073
301.900000,0.054385
302.000000,0.019355
302.100000,-0.016298
302.200000,-0.051825
302.300000,-0.086467
302.400000,-0.119467
302.500000,-0.150083
302.600000,-0.177608
302.700000,-0.201386
302.800000,-0.220826
302.900000,-0.235424
303.000000,-0.244773
303.100000,-0.248580
303.200000,-0.246677
303.300000,-0.239032
303.400000,-0.225751
303.500000,-0.207079
303.600000,-0.183406
303.700000,-0.155248
303.800000,-0.123248
303.900000,-0.088154
304.000000,-0.050803
304.100000,-0.012099
304.200000,0.027010
304.300000,0.065559
304.400000,0.102594
304.500000,0.137196
304.600000,0.168507
304.700000,0.195758
304.800000,0.218284
304.900000,0.235547
305.000000,0.247146
305.100000,0.252832
305.200000,0.252505
305.300000,0.246221
305.400000,0.234185
305.500000,0.216743
305.600000,0.194368
305.700000,0.167646
305.800000,0.137259
305.900000,0.103961
306.000000,0.068560
306.100000,0.031895
306.200000,-0.005183
306.300000,-0.041836
306.400000,-0.077252
306.500000,-0.110667
306.600000,-0.141377
306.700000,-0.168752
306.800000,-0.192246
306.900000,-0.211401
307.000000,-0.225860
307.100000,-0.235362
307.200000,-0.239751
307.300000,-0.238971
307.400000,-0.233066
307.500000,-0.222177
307.600000,-0.206540
307.700000,-0.186481
307.800000,-0.162407
307.900000,-0.134805
308.000000,-0.104232
308.100000,-0.071307
308.200000,-0.036700
308.300000,-0.001126
308.400000,0.034671
308.500000,0.069929
308.600000,0.103883
308.700000,0.135779
308.800000,0.164891
308.900000,0.190538
309.000000,0.212099
309.100000,0.229034
309.200000,0.240892
309.300000,0.247333
309.400000,0.248136
309.500000,0.243209
309.600000,0.232598
309.700000,0.216487
309.800000,0.195200
309.900000,0.169193
310.000000,0.139051
310.100000,0.105467
310.200000,0.069234
310.300000,0.031218
310.400000,-0.007659
310.500000,-0.046448
310.600000,-0.084195
310.700000,-0.119971
310.800000,-0.152894
310.900000,-0.182156
311.000000,-0.207044
311.100000,-0.226960
311.200000,-0.241435
311.300000,-0.250142
311.400000,-0.252904
311.500000,-0.249694
311.600000,-0.240637
311.700000,-0.226000
311.800000,-0.206185
311.900000,-0.181714
312.000000,-0.153213
312.100000,-0.121393
312.200000,-0.087032
312.300000,-0.050949
312.400000,-0.013989
312.500000,0.023002
312.600000,0.059196
312.700000,0.093799
312.800000,0.126069
312.900000,0.155330
313.000000,0.180983
313.100000,0.202515
313.200000,0.219510
313.300000,0.231648
313.400000,0.238712
313.500000,0.240591
313.600000,0.237273
313.700000,0.228849
313.800000,0.215510
313.900000,0.197538
314.000000,0.175307
314.100000,0.149272
314.200000,0.119962
314.300000,0.087977
314.400000,0.053973
314.500000,0.018652
314.600000,-0.017246
314.700000,-0.052958
314.800000,-0.087713
314.900000,-0.120748
315.000000,-0.151318
315.100000,-0.178721
315.200000,-0.202306
315.300000,-0.221497
315.400000,-0.235803
315.500000,-0.244838
315.600000,-0.248328
315.700000,-0.246125
315.800000,-0.238215
315.900000,-0.224720
316.000000,-0.205901
316.100000,-0.182153
316.200000,-0.154001
316.300000,-0.122085
316.400000,-0.087147
316.500000,-0.050015
316.600000,-0.011579
316.700000,0.027230
316.800000,0.065467
316.900000,0.102195
317.000000,0.136517
317.100000,0.167591
317.200000,0.194663
317.300000,0.217080
317.400000,0.234309
317.500000,0.245952
317.600000,0.251756
317.700000,0.251615
317.800000,0.245573
317.900000,0.233818
318.000000,0.216679
318.100000,0.194611
318.200000,0.168180
318.300000,0.138049
318.400000,0.104957
318.500000,0.069699
318.600000,0.033105
318.700000,-0.003978
318.800000,-0.040711
318.900000,-0.076278
319.000000,-0.109905
319.100000,-0.140874
319.200000,-0.168539
319.300000,-0.192335
319.400000,-0.211786
319.500000,-0.226515
319.600000,-0.236247
319.700000,-0.240809
319.800000,-0.240135
319.900000,-0.234262
320.000000,-0.223331
320.100000,-0.207580
320.200000,-0.187340
320.300000,-0.163034
320.400000,-0.135160
320.500000,-0.104294
320.600000,-0.071072
320.700000,-0.036185
320.800000,-0.000363
320.900000,0.035633
321.000000,0.071030
321.100000,0.105053
321.200000,0.136944
321.300000,0.165978
321.400000,0.191479
321.500000,0.212836
321.600000,0.229520
321.700000,0.241098
321.800000,0.247247
321.900000,0.247764
322.000000,0.242576
322.100000,0.231743
322.200000,0.215465
322.300000,0.194075
322.400000,0.168037
322.500000,0.137935
322.600000,0.104462
322.700000,0.068403
322.800000,0.030612
322.900000,-0.008002
323.000000,-0.046508
323.100000,-0.083969
323.200000,-0.119473
323.300000,-0.152157
323.400000,-0.181226
323.500000,-0.205981
323.600000,-0.225830
323.700000,-0.240309
323.800000,-0.249091
323.900000,-0.251994
324.000000,-0.248982
324.100000,-0.240166
324.200000,-0.225800
324.300000,-0.206267
324.400000,-0.182073
324.500000,-0.153825
324.600000,-0.122220
324.700000,-0.088020
324.800000,-0.052036
324.900000,-0.015107
325.000000,0.021924
325.100000,0.058225
325.200000,0.092995
325.300000,0.125483
325.400000,0.154998
325.500000,0.180924
325.600000,0.202734
325.700000,0.219991
325.800000,0.232360
325.900000,0.239611
326.000000,0.241619
326.100000,0.238365
326.200000,0.229937
326.300000,0.216525
326.400000,0.198418
326.500000,0.175996
326.600000,0.149726
326.700000,0.120156
326.800000,0.087898
326.900000,0.053626
327.000000,0.018061
327.100000,-0.018044
327.200000,-0.053912
327.300000,-0.088764
327.400000,-0.121828
327.500000,-0.152360
327.600000,-0.179659
327.700000,-0.203083
327.800000,-0.222063
327.900000,-0.236125
328.000000,-0.244894
328.100000,-0.248117
328.200000,-0.245660
328.300000,-0.237526
328.400000,-0.223852
328.500000,-0.204908
328.600000,-0.181098
328.700000,-0.152950
328.800000,-0.121103
328.900000,-0.086297
329.000000,-0.049349
329.100000,-0.011139
329.200000,0.027417
329.300000,0.065390
329.400000,0.101861
329.500000,0.135946
329.600000,0.166820
329.700000,0.193741
329.800000,0.216065
329.900000,0.233265
330.000000,0.244945
330.100000,0.250849
330.200000,0.250864
330.300000,0.245025
330.400000,0.233507
330.500000,0.216624
330.600000,0.194814
330.700000,0.168629
330.800000,0.138714
330.900000,0.105796
331.000000,0.070658
331.100000,0.034125
331.200000,-0.002962
331.300000,-0.039762
331.400000,-0.075456
331.500000,-0.109261
331.600000,-0.140448
331.700000,-0.168358
331.800000,-0.192408
331.900000,-0.212109
332.000000,-0.227067
332.100000,-0.236992
332.200000,-0.241700
332.300000,-0.241116
332.400000,-0.235271
332.500000,-0.224305
332.600000,-0.208457
332.700000,-0.188067
332.800000,-0.163563
332.900000,-0.135461
333.000000,-0.104348
333.100000,-0.070876
333.200000,-0.035751
333.300000,0.000280
333.400000,0.036444
333.500000,0.071958
333.600000,0.106039
333.700000,0.137926
333.800000,0.166895
333.900000,0.192273
334.000000,0.213458
334.100000,0.229932
334.200000,0.241274
334.300000,0.247177
334.400000,0.247452
334.500000,0.242043
334.600000,0.231023
334.700000,0.214604
334.800000,0.193127
334.900000,0.167062
335.000000,0.136994
335.100000,0.103614
335.200000,0.067701
335.300000,0.030100
335.400000,-0.008293
335.500000,-0.046560
335.600000,-0.083779
335.700000,-0.119054
335.800000,-0.151536
335.900000,-0.180443
336.000000,-0.205084
336.100000,-0.224877
336.200000,-0.239360
336.300000,-0.248205
336.400000,-0.251226
336.500000,-0.248380
336.600000,-0.239768
336.700000,-0.225630
336.800000,-0.206336
336.900000,-0.182374
337.000000,-0.154340
337.100000,-0.122915
337.200000,-0.088852
337.300000,-0.052952
337.400000,-0.016049
337.500000,0.021014
337.600000,0.057405
337.700000,0.092317
337.800000,0.124988
337.900000,0.154716
338.000000,0.180874
338.100000,0.202917
338.200000,0.220395
338.300000,0.232960
338.400000,0.240368
338.500000,0.242485
338.600000,0.239286
338.700000,0.230855
338.800000,0.217382
338.900000,0.199160
339.000000,0.176577
339.100000,0.150111
339.200000,0.120320
339.300000,0.087832
339.400000,0.053335
339.500000,0.017563
339.600000,-0.018716
339.700000,-0.054716
339.800000,-0.089649
339.900000,-0.122739
340.000000,-0.153240
340.100000,-0.180452
340.200000,-0.203739
340.300000,-0.222542
340.400000,-0.236397
340.500000,-0.244944
340.600000,-0.247940
340.700000,-0.245270
340.800000,-0.236947
340.900000,-0.223120
341.000000,-0.204070
341.100000,-0.180208
341.200000,-0.152063
341.300000,-0.120275
341.400000,-0.085579
341.500000,-0.048787
341.600000,-0.010767
341.700000,0.027577
341.800000,0.065327
341.900000,0.101580
342.000000,0.135465
342.100000,0.166171
342.200000,0.192964
342.300000,0.215209
342.400000,0.232384
342.500000,0.244095
342.600000,0.250083
342.700000,0.250230
342.800000,0.244561
342.900000,0.233244
343.000000,0.216576
343.100000,0.194985
343.200000,0.169006
343.300000,0.139274
343.400000,0.106502
343.500000,0.071467
343.600000,0.034986
343.700000,-0.002105
343.800000,-0.038962
343.900000,-0.074763
344.000000,-0.108717
344.100000,-0.140088
344.200000,-0.168203
344.300000,-0.192469
344.400000,-0.212380
344.500000,-0.227531
344.600000,-0.237620
344.700000,-0.242451
344.800000,-0.241943
344.900000,-0.236122
345.000000,-0.225126
345.100000,-0.209197
345.200000,-0.188680
345.300000,-0.164011
345.400000,-0.135716
345.500000,-0.104394
345.600000,-0.070711
345.700000,-0.035387
345.800000,0.000821
345.900000,0.037127
346.000000,0.072739
346.100000,0.106870
346.200000,0.138755
346.300000,0.167669
346.400000,0.192944
346.500000,0.213984
346.600000,0.230280
346.700000,0.241423
346.800000,0.247118
346.900000,0.247190
347.000000,0.241594
347.100000,0.230417
347.200000,0.213878
347.300000,0.192328
347.400000,0.166239
347.500000,0.136200
347.600000,0.102899
347.700000,0.067108
347.800000,0.029667
347.900000,-0.008540
348.000000,-0.046605
348.100000,-0.083620
348.200000,-0.118702
348.300000,-0.151013
348.400000,-0.179783
348.500000,-0.204329
348.600000,-0.224073
348.700000,-0.238559
348.800000,-0.247457
348.900000,-0.250578
349.000000,-0.247872
349.100000,-0.239432
349.200000,-0.225486
349.300000,-0.206392
349.400000,-0.182627
349.500000,-0.154773
349.600000,-0.123501
349.700000,-0.089553
349.800000,-0.053725
349.900000,-0.016844
350.000000,0.020247
350.100000,0.056713
350.200000,0.091744
350.300000,0.124569
350.400000,0.154478
350.500000,0.180830
350.600000,0.203070
350.700000,0.220735
350.800000,0.233465
350.900000,0.241006
351.000000,0.243215
351.100000,0.240062
351.200000,0.231629
351.300000,0.218105
351.400000,0.199787
351.500000,0.177069
351.600000,0.150437
351.700000,0.120460
351.800000,0.087778
351.900000,0.053091
352.000000,0.017145
352.100000,-0.019282
352.200000,-0.055394
352.300000,-0.090396
352.400000,-0.123507
352.500000,-0.153981
352.600000,-0.181121
352.700000,-0.204293
352.800000,-0.222947
352.900000,-0.236628
353.000000,-0.244986
353.100000,-0.247792
353.200000,-0.244941
353.300000,-0.236459
353.400000,-0.222504
353.500000,-0.203365
353.600000,-0.179457
353.700000,-0.151315
353.800000,-0.119576
353.900000,-0.084973
354.000000,-0.048312
354.100000,-0.010452
354.200000,0.027712
354.300000,0.065275
354.400000,0.101344
354.500000,0.135061
354.600000,0.165624
354.700000,0.192309
354.800000,0.214488
354.900000,0.231642
355.000000,0.243378
355.100000,0.249436
355.200000,0.249694
355.300000,0.244170
355.400000,0.233020
355.500000,0.216535
355.600000,0.195127
355.700000,0.169323
355.800000,0.139745
355.900000,0.107098
356.000000,0.072149
356.100000,0.035711
356.200000,-0.001381
356.300000,-0.038286
356.400000,-0.074177
356.500000,-0.108258
356.600000,-0.139784
356.700000,-0.168072
356.800000,-0.192519
356.900000,-0.212608
357.000000,-0.227922
357.100000,-0.238148
357.200000,-0.243084
357.300000,-0.242640
357.400000,-0.236840
357.500000,-0.225819
357.600000,-0.209822
357.700000,-0.189198
357.800000,-0.164390
357.900000,-0.135932
358.000000,-0.104434
358.100000,-0.070574
358.200000,-0.035081
358.300000,0.001276
358.400000,0.037702
358.500000,0.073398
358.600000,0.107571
358.700000,0.139453
358.800000,0.168322
358.900000,0.193510
359.000000,0.214428
359.100000,0.230575
359.200000,0.241550
359.300000,0.247070
359.400000,0.246970
359.500000,0.241217
359.600000,0.229906
359.700000,0.213267
359.800000,0.191654
359.900000,0.165546
360.000000,0.135530
360.100000,0.102295
360.200000,0.066607
360.300000,0.029301
360.400000,-0.008749
360.500000,-0.046644
360.600000,-0.083487
360.700000,-0.118407
360.800000,-0.150573
360.900000,-0.179227
361.000000,-0.203692
361.100000,-0.223396
361.200000,-0.237883
361.300000,-0.246826
361.400000,-0.250030
361.500000,-0.247443
361.600000,-0.239147
361.700000,-0.225363
361.800000,-0.206438
361.900000,-0.182839
362.000000,-0.155138
362.100000,-0.123994
362.200000,-0.090144
362.300000,-0.054376
362.400000,-0.017515
362.500000,0.019600
362.600000,0.056130
362.700000,0.091260
362.800000,0.124215
362.900000,0.154276
363.000000,0.180792
363.100000,0.203198
363.200000,0.221021
363.300000,0.233890
363.400000,0.241543
363.500000,0.243830
363.600000,0.240717
363.700000,0.232282
363.800000,0.218715
363.900000,0.200316
364.000000,0.177484
364.100000,0.150713
364.200000,0.120579
364.300000,0.087733
364.400000,0.052886
364.500000,0.016793
364.600000,-0.019758
364.700000,-0.055965
364.800000,-0.091025
364.900000,-0.124155
365.000000,-0.154607
365.100000,-0.181685
365.200000,-0.204761
365.300000,-0.223289
365.400000,-0.236823
365.500000,-0.245023
365.600000,-0.247669
365.700000,-0.244665
365.800000,-0.236049
365.900000,-0.221985
366.000000,-0.202770
366.100000,-0.178825
366.200000,-0.150684
366.300000,-0.118987
366.400000,-0.084462
366.500000,-0.047910
366.600000,-0.010186
366.700000,0.027827
366.800000,0.065232
366.900000,0.101146
367.000000,0.134721
367.100000,0.165163
367.200000,0.191757
367.300000,0.213879
367.400000,0.231016
367.500000,0.242773
367.600000,0.248891
367.700000,0.249242
367.800000,0.243839
367.900000,0.232831
368.000000,0.216499
368.100000,0.195247
368.200000,0.169589
368.300000,0.140141
368.400000,0.107599
368.500000,0.072724
368.600000,0.036322
368.700000,-0.000772
368.800000,-0.037716
368.900000,-0.073682
369.000000,-0.107870
369.100000,-0.139526
369.200000,-0.167961
369.300000,-0.192560
369.400000,-0.212799
369.500000,-0.228251
369.600000,-0.238593
369.700000,-0.243617
369.800000,-0.243228
369.900000,-0.237445
370.000000,-0.226403
370.100000,-0.210350
370.200000,-0.189635
370.300000,-0.164710
370.400000,-0.136115
370.500000,-0.104469
370.600000,-0.070458
370.700000,-0.034823
370.800000,0.001659
370.900000,0.038187
371.000000,0.073953
371.100000,0.108162
371.200000,0.140043
371.300000,0.168873
371.400000,0.193988
371.500000,0.214803
371.600000,0.230824
371.700000,0.241658
371.800000,0.247030
371.900000,0.246786
372.000000,0.240900
372.100000,0.229476
372.200000,0.212752
372.300000,0.191086
372.400000,0.164961
372.500000,0.134965
372.600000,0.101785
372.700000,0.066185
372.800000,0.028992
372.900000,-0.008926
373.000000,-0.046678
373.100000,-0.083376
373.200000,-0.118158
373.300000,-0.150203
373.400000,-0.178759
373.500000,-0.203155
373.600000,-0.222825
373.700000,-0.237314
373.800000,-0.246293
373.900000,-0.249568
374.000000,-0.247080
374.100000,-0.238906
374.200000,-0.225258
374.300000,-0.206476
374.400000,-0.183018
374.500000,-0.155444
374.600000,-0.124410
374.700000,-0.090642
374.800000,-0.054925
374.900000,-0.018080
