0.000000,0.500000
0.250000,0.421722
0.500000,0.228788
0.750000,0.007724
1.000000,-0.164725
1.250000,-0.248102
1.500000,-0.244800
1.750000,-0.187284
2.000000,-0.114972
2.250000,-0.053277
2.500000,-0.004809
2.750000,0.044273
3.000000,0.107764
3.250000,0.182960
3.500000,0.244367
3.750000,0.252469
4.000000,0.174473
4.250000,0.007128
4.500000,-0.210674
4.750000,-0.404226
5.000000,-0.488746
5.250000,-0.405615
5.500000,-0.153891
5.750000,0.198083
6.000000,0.529299
6.250000,0.707793
6.500000,0.643034
6.750000,0.328253
7.000000,-0.146136
7.250000,-0.616884
7.500000,-0.904190
7.750000,-0.880468
8.000000,-0.525275
8.250000,0.056739
8.500000,0.665195
8.750000,1.073076
9.000000,1.111662
9.250000,0.739471
9.500000,0.067290
9.750000,-0.673409
10.000000,-1.210271
10.250000,-1.330527
10.500000,-0.964948
10.750000,-0.222291
11.000000,0.641685
11.250000,1.312380
11.500000,1.531284
11.750000,1.195545
12.000000,0.403851
12.250000,-0.571161
12.500000,-1.376871
12.750000,-1.708611
13.000000,-1.424988
13.250000,-0.606916
13.500000,0.463924
13.750000,1.402143
14.000000,1.857771
14.250000,1.647044
14.500000,0.825910
14.750000,-0.322963
15.000000,-1.387564
15.250000,-1.974729
15.500000,-1.855670
15.750000,-1.054877
16.000000,0.152090
16.250000,1.333484
16.500000,2.056253
16.750000,2.045171
17.000000,1.287624
17.250000,0.044150
17.500000,-1.241228
17.750000,-2.099989
18.000000,-2.210328
18.250000,-1.517876
18.500000,-0.260592
18.750000,1.113064
19.000000,2.104525
19.250000,2.346537
19.500000,1.739427
19.750000,0.491579
20.000000,-0.952145
20.250000,-2.069420
20.500000,-2.449914
20.750000,-1.946296
21.000000,-0.731098
21.250000,0.762434
21.500000,1.995216
21.750000,2.517398
22.000000,2.132874
22.250000,0.972934
22.500000,-0.548605
22.750000,-1.883428
23.000000,-2.546817
23.250000,-2.294058
23.500000,-1.210816
23.750000,0.315926
24.000000,1.736503
24.250000,2.536952
24.500000,2.425381
24.750000,1.438578
25.000000,-0.070133
25.250000,-1.557758
25.500000,-2.487556
25.750000,-2.523120
26.000000,-1.650304
26.250000,-0.182715
26.500000,1.351305
26.750000,2.399369
27.000000,2.584387
27.250000,1.840480
27.500000,0.436383
27.750000,-1.121942
28.000000,-2.274095
28.250000,-2.607202
28.500000,-2.004125
28.750000,-0.684614
29.000000,0.875039
29.250000,2.114358
29.500000,2.590537
29.750000,2.136918
30.000000,0.921283
30.250000,-0.616403
30.500000,-1.923643
30.750000,-2.534349
31.000000,-2.235298
31.250000,-1.140549
31.500000,0.352140
31.750000,1.706205
32.000000,2.439572
32.250000,2.296559
32.500000,1.336997
32.750000,-0.088498
33.000000,-1.466967
33.250000,-2.308100
33.500000,-2.318912
33.750000,-1.505775
34.000000,-0.168285
34.250000,1.211396
34.500000,2.142739
34.750000,2.301528
35.000000,1.642708
35.250000,0.412130
35.500000,-0.945371
35.750000,-1.947135
36.000000,-2.244563
36.250000,-1.744405
36.500000,-0.637274
36.750000,0.675036
37.000000,1.725690
37.250000,2.149151
37.500000,1.808342
37.750000,0.838407
38.000000,-0.406650
38.250000,-1.483446
38.500000,-2.017376
38.750000,-1.832924
39.000000,-1.010805
39.250000,0.146431
39.500000,1.225965
39.750000,1.852221
40.000000,1.817522
40.250000,1.150447
40.500000,0.099596
40.750000,-0.959194
41.000000,-1.657495
41.250000,-1.762492
41.500000,-1.254111
41.750000,-0.325746
42.000000,0.689312
42.250000,1.437740
42.500000,1.669164
42.750000,1.319457
43.000000,0.526818
43.250000,-0.422585
43.500000,-1.198115
43.750000,-1.539811
44.000000,-1.345084
44.250000,-0.698221
44.500000,0.165206
44.750000,0.944275
45.000000,1.377592
45.250000,1.330562
45.500000,0.836086
45.750000,0.076855
46.000000,-0.682227
46.250000,-1.186474
46.500000,-1.276447
46.750000,-0.937363
47.000000,-0.297998
47.250000,0.418185
47.500000,0.971135
47.750000,1.184262
48.000000,0.999897
48.250000,0.493132
48.500000,-0.158413
48.750000,-0.736847
49.000000,-1.056466
49.250000,-1.022479
49.500000,-0.657800
49.750000,-0.090924
50.000000,0.489351
50.250000,0.896388
50.500000,1.004877
50.750000,0.788290
51.000000,0.323916
51.250000,-0.234710
51.500000,-0.708148
51.750000,-0.947844
52.000000,-0.881724
52.250000,-0.535051
52.500000,-0.020837
52.750000,0.496556
53.000000,0.853094
53.250000,0.936131
53.500000,0.719354
53.750000,0.271029
54.000000,-0.266991
54.250000,-0.723265
54.500000,-0.950495
54.750000,-0.872504
55.000000,-0.509737
55.250000,0.025271
55.500000,0.561854
55.750000,0.924779
56.000000,0.990948
56.250000,0.731117
56.500000,0.222491
56.750000,-0.373128
57.000000,-0.859930
57.250000,-1.071981
57.500000,-0.929751
57.750000,-0.470036
58.000000,0.162021
58.250000,0.757850
58.500000,1.113817
58.750000,1.100782
59.000000,0.711115
59.250000,0.065989
59.500000,-0.621354
59.750000,-1.115633
60.000000,-1.240032
60.250000,-0.939643
60.500000,-0.305012
60.750000,0.454098
61.000000,1.077587
61.250000,1.344108
61.500000,1.149847
61.750000,0.548891
62.000000,-0.260491
62.250000,-1.000817
62.500000,-1.410482
62.750000,-1.336409
63.000000,-0.791360
63.250000,0.045585
63.500000,0.887410
63.750000,1.437555
64.000000,1.494596
64.250000,1.026187
64.500000,0.185049
64.750000,-0.740352
65.000000,-1.424696
65.250000,-1.620378
65.500000,-1.247338
65.750000,-0.425456
66.000000,0.563458
66.250000,1.372258
66.500000,1.710527
66.750000,1.449118
67.000000,0.669449
67.250000,-0.361270
67.500000,-1.281569
67.750000,-1.762694
68.000000,-1.626317
68.250000,-0.910753
68.500000,0.138953
68.750000,1.154899
69.000000,1.775470
69.250000,1.774332
69.500000,1.143167
69.750000,0.097836
70.000000,-0.995403
70.250000,-1.748419
70.500000,-1.889286
70.750000,-1.360714
71.000000,-0.343086
71.250000,0.807047
71.500000,1.682087
71.750000,1.968120
72.000000,1.557786
72.250000,0.590581
72.500000,-0.594505
72.750000,-1.577992
73.000000,-2.008670
73.250000,-1.729284
73.500000,-0.834052
73.750000,0.363049
74.000000,1.438585
74.250000,2.009716
74.500000,1.870743
74.750000,1.067332
75.000000,-0.118416
75.250000,-1.267188
75.500000,-1.971019
75.750000,-1.978445
76.000000,-1.284507
76.250000,-0.133333
76.500000,1.067916
76.750000,1.893322
77.000000,2.049503
77.250000,1.480063
77.500000,0.385960
77.750000,-0.845570
78.000000,-1.778331
78.250000,-2.081939
78.500000,-1.649020
78.750000,-0.633208
79.000000,0.605523
79.250000,1.628677
79.500000,2.074731
79.750000,1.787056
80.000000,0.868949
80.250000,-0.353588
80.500000,-1.447848
80.750000,-2.027835
81.000000,-1.890614
81.250000,-1.087341
81.500000,0.095872
81.750000,1.240101
82.000000,1.942190
82.250000,1.956985
82.500000,1.282968
82.750000,0.161374
83.000000,-1.010364
83.250000,-1.819693
83.500000,-1.984381
83.750000,-1.450974
84.000000,-0.411905
84.250000,0.764108
84.500000,1.663151
84.750000,1.971976
85.000000,1.587184
85.250000,0.649644
85.500000,-0.507214
85.750000,-1.476214
86.000000,-1.919926
86.250000,-1.688206
86.500000,-0.868821
86.750000,0.245832
87.000000,1.263285
87.250000,1.829364
87.500000,1.751513
87.750000,1.064125
88.000000,0.013779
88.250000,-1.029408
88.500000,-1.702375
88.750000,-1.775509
89.000000,-1.230829
89.250000,-0.265395
89.500000,0.780151
89.750000,1.541943
90.000000,1.759564
90.250000,1.364907
90.500000,0.502988
90.750000,-0.521459
91.000000,-1.351879
91.250000,-1.704032
91.500000,-1.463137
91.750000,-0.720871
92.000000,0.259517
92.250000,1.136723
92.500000,1.610243
92.750000,1.523174
93.000000,0.913839
93.250000,-0.000591
93.500000,-0.901637
93.750000,-1.480468
94.000000,-1.543615
94.250000,-1.077298
94.500000,-0.249123
94.750000,0.652275
95.000000,1.317864
95.250000,1.524028
95.500000,1.207376
95.750000,0.483652
96.000000,-0.394645
96.250000,-1.126397
96.500000,-1.464965
96.750000,-1.301020
97.000000,-0.697395
97.250000,0.134962
97.500000,0.910743
97.750000,1.367948
98.000000,1.356072
98.250000,0.885258
98.500000,0.120509
98.750000,-0.676176
99.000000,-1.235432
99.250000,-1.371320
99.500000,-1.042784
99.750000,-0.365604
100.000000,0.428432
100.250000,1.070744
100.500000,1.346530
100.750000,1.166255
101.000000,0.594411
101.250000,-0.173575
101.500000,-0.878003
101.750000,-1.282451
102.000000,-1.252793
102.250000,-0.801418
102.500000,-0.082158
102.750000,0.662014
103.000000,1.180795
103.250000,1.300426
103.500000,0.981648
103.750000,0.332506
104.000000,-0.428156
104.250000,-1.044197
104.500000,-1.308133
104.750000,-1.130783
105.000000,-0.571342
105.250000,0.182243
105.500000,0.876152
105.750000,1.275879
106.000000,1.245265
106.250000,0.792823
106.500000,0.069612
106.750000,-0.680924
107.000000,-1.204606
107.250000,-1.322391
107.500000,-0.991531
107.750000,-0.321154
108.000000,0.463443
108.250000,1.096215
108.500000,1.360374
108.750000,1.162611
109.000000,0.566136
109.250000,-0.229187
109.500000,-0.953519
109.750000,-1.358389
110.000000,-1.301885
110.250000,-0.798475
110.500000,-0.015957
110.750000,0.780172
111.000000,1.316596
111.250000,1.405962
111.500000,1.012400
111.750000,0.265836
112.000000,-0.580582
112.250000,-1.236130
112.500000,-1.472314
112.750000,-1.202594
113.000000,-0.514184
113.250000,0.359798
113.500000,1.119079
113.750000,1.499343
114.000000,1.364327
114.250000,0.754774
114.500000,-0.123391
114.750000,-0.968429
115.000000,-1.486420
115.250000,-1.493571
115.500000,-0.981572
115.750000,-0.122689
116.000000,0.787991
116.250000,1.433897
116.500000,1.587100
116.750000,1.188886
117.000000,0.372252
117.250000,-0.582310
117.500000,-1.343104
117.750000,-1.642566
118.000000,-1.371508
118.250000,-0.619029
118.500000,0.356549
118.750000,1.216311
119.000000,1.658562
119.250000,1.524839
119.500000,0.856820
119.750000,-0.116365
120.000000,-1.056675
120.250000,-1.634653
120.500000,-1.645001
120.750000,-1.079647
121.000000,-0.132233
121.250000,0.868161
121.500000,1.571388
121.750000,1.728939
122.000000,1.281906
122.250000,0.383028
122.500000,-0.655445
122.750000,-1.470287
123.000000,-1.774489
123.250000,-1.458498
123.500000,-0.629752
123.750000,0.423799
124.000000,1.333802
124.250000,1.780437
124.500000,1.604962
124.750000,0.866238
125.000000,-0.178960
125.250000,-1.165257
125.500000,-1.746542
125.750000,-1.717579
126.000000,-1.086574
126.250000,-0.073009
126.500000,0.968767
126.750000,1.673551
127.000000,1.793465
127.250000,1.285246
127.500000,0.325870
127.750000,-0.749136
128.000000,-1.563171
128.250000,-1.830643
128.500000,-1.457274
128.750000,-0.573365
129.000000,0.511739
129.250000,1.418035
129.500000,1.828092
129.750000,1.598337
130.000000,0.809366
130.250000,-0.262389
130.500000,-1.241632
130.750000,-1.785770
131.000000,-1.704877
131.250000,-1.028030
131.500000,0.007195
131.750000,1.038224
132.000000,1.704617
132.250000,1.774189
132.500000,1.223940
132.750000,0.247590
133.000000,-0.812736
133.250000,-1.586532
133.500000,-1.804483
133.750000,-1.392240
134.000000,-0.495721
134.250000,0.570644
134.500000,1.434323
134.750000,1.794934
135.000000,1.528755
135.250000,0.731117
135.500000,-0.317831
135.750000,-1.251642
136.000000,-1.745697
136.250000,-1.630092
136.500000,-0.948010
136.750000,0.060445
137.000000,1.042892
137.250000,1.657908
137.500000,1.693724
137.750000,1.141085
138.000000,0.195249
138.250000,-0.813120
138.500000,-1.533652
138.750000,-1.718054
139.000000,-1.305615
139.250000,-0.443028
139.500000,0.567893
139.750000,1.375913
140.000000,1.702451
140.250000,1.437573
140.500000,0.676861
140.750000,-0.313160
141.000000,-1.188502
141.250000,-1.647270
141.500000,-1.533735
141.750000,-0.891062
142.000000,0.055105
142.250000,0.975960
142.500000,1.553839
142.750000,1.591755
143.000000,1.080422
143.250000,0.200003
143.500000,-0.743450
143.750000,-1.424430
144.000000,-1.610230
144.250000,-1.240346
144.500000,-0.445969
144.750000,0.496626
145.000000,1.262198
145.250000,1.588725
145.500000,1.366961
145.750000,0.676817
146.000000,-0.241497
146.250000,-1.071110
146.500000,-1.527791
146.750000,-1.457213
147.000000,-0.886945
147.250000,-0.015724
147.500000,0.855841
147.750000,1.428951
148.000000,1.508942
148.250000,1.071259
148.500000,0.268768
148.750000,-0.621664
149.000000,-1.294657
149.250000,-1.520934
149.500000,-1.225298
149.750000,-0.511472
150.000000,0.374317
150.250000,1.128235
150.500000,1.492955
150.750000,1.345347
151.000000,0.737924
151.250000,-0.119861
151.500000,-0.933804
151.750000,-1.425752
152.000000,-1.428524
152.250000,-0.942611
152.500000,-0.135466
152.750000,0.716167
153.000000,1.321036
153.250000,1.472857
153.500000,1.120557
153.750000,0.385403
154.000000,-0.480703
154.250000,-1.181441
154.500000,-1.477324
154.750000,-1.267440
155.000000,-0.623825
155.250000,0.233225
155.500000,1.010460
155.750000,1.441888
156.000000,1.379705
156.250000,0.844888
156.500000,0.020156
156.750000,-0.812355
157.000000,-1.367491
157.250000,-1.454647
157.500000,-1.043174
157.750000,-0.273185
158.000000,0.592058
158.250000,1.256033
158.500000,1.490479
158.750000,1.213829
159.000000,0.519617
159.250000,-0.355043
159.500000,-1.110325
159.750000,-1.486376
160.000000,-1.352676
160.250000,-0.753368
160.500000,0.107196
160.750000,0.934022
161.000000,1.442497
161.250000,1.456322
161.500000,0.968669
161.750000,0.145330
162.000000,-0.731529
162.250000,-1.359976
162.500000,-1.522241
162.750000,-1.160205
163.000000,-0.396271
163.250000,0.507895
163.500000,1.240901
163.750000,1.548835
164.000000,1.323245
164.250000,0.639400
164.500000,-0.268689
164.750000,-1.088258
165.000000,-1.535475
165.250000,-1.453762
165.500000,-0.868684
165.750000,0.019862
166.000000,0.905858
166.250000,1.482514
166.500000,1.548530
166.750000,1.078435
167.000000,0.232399
167.250000,-0.698244
167.500000,-1.391280
167.750000,-1.605205
168.000000,-1.263442
168.250000,-0.481824
168.500000,0.470580
168.750000,1.264046
169.000000,1.622377
169.250000,1.419109
169.500000,0.722214
169.750000,-0.228521
170.000000,-1.103967
170.250000,-1.599615
170.500000,-1.541559
170.750000,-0.947593
171.000000,-0.021922
171.250000,0.915010
171.500000,1.537467
171.750000,1.627737
172.000000,1.152357
172.250000,0.274534
172.500000,-0.701850
172.750000,-1.437453
173.000000,-1.675482
173.250000,-1.331409
173.500000,-0.523047
173.750000,0.469759
174.000000,1.302027
174.250000,1.683578
174.500000,1.480288
174.750000,0.761295
175.000000,-0.224476
175.250000,-1.134513
175.500000,-1.651788
175.750000,-1.595275
176.000000,-0.983365
176.250000,-0.027937
176.500000,0.939027
176.750000,1.580857
177.000000,1.673487
177.250000,1.183744
177.500000,0.281244
177.750000,-0.720373
178.000000,-1.472495
178.250000,-1.712949
178.500000,-1.357454
178.750000,-0.529183
179.000000,0.483928
179.250000,1.329335
179.500000,1.712640
179.750000,1.500172
180.000000,0.765628
180.250000,-0.235504
180.500000,-1.154867
180.750000,-1.672519
181.000000,-1.608342
181.250000,-0.984735
181.500000,-0.018788
181.750000,0.953353
182.000000,1.593527
182.250000,1.679257
182.500000,1.181088
182.750000,0.272695
183.000000,-0.729721
183.250000,-1.477563
183.500000,-1.711131
183.750000,-1.349831
184.000000,-0.519972
184.250000,0.489445
184.500000,1.327435
184.750000,1.703136
185.000000,1.486787
185.250000,0.754537
185.500000,-0.238410
185.750000,-1.146797
186.000000,-1.655430
186.250000,-1.588564
186.500000,-0.970620
186.750000,-0.017235
187.000000,0.940053
187.250000,1.569147
187.500000,1.652635
187.750000,1.162909
188.000000,0.271224
188.250000,-0.712250
188.500000,-1.446374
188.750000,-1.677402
189.000000,-1.326673
189.250000,-0.517333
189.500000,0.468955
189.750000,1.290094
190.000000,1.662236
190.250000,1.457886
190.500000,0.749533
190.750000,-0.216118
191.000000,-1.104119
191.250000,-1.607489
191.500000,-1.553323
191.750000,-0.962133
192.000000,-0.040075
192.250000,0.892992
192.500000,1.514492
192.750000,1.610639
193.000000,1.149926
193.250000,0.293357
193.500000,-0.661873
193.750000,-1.385513
194.000000,-1.628428
194.250000,-1.308317
194.500000,-0.537529
194.750000,0.416419
195.000000,1.223711
195.250000,1.606256
195.500000,1.433430
195.750000,0.766617
196.000000,-0.162637
196.250000,-1.033051
196.500000,-1.544674
196.750000,-1.522212
197.000000,-0.975018
197.250000,-0.093256
197.500000,0.818208
197.750000,1.445203
198.000000,1.572502
198.250000,1.157637
198.500000,0.344995
198.750000,-0.584454
199.000000,-1.310296
199.250000,-1.583086
199.500000,-1.310013
199.750000,-0.586414
200.000000,0.337528
200.250000,1.143280
200.500000,1.553729
200.750000,1.428429
201.000000,0.811601
201.250000,-0.083491
201.500000,-0.948269
201.750000,-1.485175
202.000000,-1.510004
202.250000,-1.015044
202.500000,-0.171418
202.750000,0.730070
203.000000,1.379138
203.250000,1.552764
203.500000,1.191765
203.750000,0.420941
204.000000,-0.494058
204.250000,-1.238250
204.500000,-1.555688
204.750000,-1.337443
205.000000,-0.658951
205.250000,0.246049
205.500000,1.066002
205.750000,1.518737
206.000000,1.448522
206.250000,0.879604
206.500000,0.007848
206.750000,-0.866658
207.000000,-1.442854
207.250000,-1.522297
207.500000,-1.077483
207.750000,-0.261379
208.000000,0.645148
208.250000,1.329937
208.500000,1.556980
208.750000,1.247734
209.000000,0.508298
209.250000,-0.406945
209.500000,-1.182799
209.750000,-1.551748
210.000000,-1.386179
210.250000,-0.742523
210.500000,0.157937
210.750000,1.005091
211.000000,1.506756
211.250000,1.489426
211.500000,0.958283
211.750000,0.095727
212.000000,-0.801220
212.250000,-1.423142
212.500000,-1.554948
212.750000,-1.150265
213.000000,-0.347781
213.250000,0.576233
213.500000,1.302991
213.750000,1.581149
214.000000,1.313738
214.250000,0.591999
214.500000,-0.335701
214.750000,-1.149289
215.000000,-1.567398
215.250000,-1.444676
215.500000,-0.822350
215.750000,0.085572
216.000000,0.965847
216.250000,1.514048
216.500000,1.539853
216.750000,1.033144
217.000000,0.167967
217.250000,-0.757208
217.500000,-1.422430
217.750000,-1.596924
218.000000,-1.219173
218.250000,-0.418646
218.500000,0.528535
218.750000,1.294814
219.000000,1.614481
219.250000,1.375838
219.500000,0.660266
219.750000,-0.285485
220.000000,-1.134356
220.250000,-1.592092
220.500000,-1.499267
220.750000,-0.886853
221.000000,0.034066
221.250000,0.945022
221.500000,1.530306
221.750000,1.586403
222.000000,1.092801
222.250000,0.219506
222.500000,-0.731489
222.750000,-1.430643
223.000000,-1.635084
223.250000,-1.273015
223.500000,-0.468964
223.750000,0.499029
224.000000,1.295558
224.250000,1.644096
224.500000,1.423034
224.750000,0.708141
225.000000,-0.253378
225.250000,-1.128374
225.500000,-1.613203
225.750000,-1.539140
226.000000,-0.931126
226.250000,0.000601
226.500000,0.933208
226.750000,1.543150
227.000000,1.618450
227.250000,1.132404
227.500000,0.253066
227.750000,-0.714865
228.000000,-1.435647
228.250000,-1.658989
228.500000,-1.306998
228.750000,-0.501363
229.000000,0.478720
229.250000,1.293327
229.500000,1.659736
229.750000,1.450586
230.000000,0.738163
230.250000,-0.230589
230.500000,-1.119681
230.750000,-1.620652
231.000000,-1.559612
231.250000,-0.957621
231.500000,-0.023421
231.750000,0.918971
232.000000,1.542677
232.250000,1.631369
232.500000,1.154323
232.750000,0.277054
233.000000,-0.696126
233.250000,-1.427710
233.500000,-1.664070
233.750000,-1.323410
234.000000,-0.524066
234.250000,0.456621
234.500000,1.278561
234.750000,1.656890
235.000000,1.460709
235.250000,0.758374
235.500000,-0.206339
235.750000,-1.098884
236.000000,-1.609985
236.250000,-1.562824
236.500000,-0.974209
236.750000,-0.048568
237.000000,0.893081
237.250000,1.524490
237.500000,1.627231
237.750000,1.166257
238.000000,0.301836
238.250000,-0.666202
238.500000,-1.402491
238.750000,-1.652330
239.000000,-1.329788
239.250000,-0.547240
239.500000,0.423814
239.750000,1.246974
240.000000,1.637493
240.250000,1.460776
240.500000,0.778749
240.750000,-0.171867
241.000000,-1.061749
241.250000,-1.583072
241.500000,-1.555995
241.750000,-0.990674
242.000000,-0.083454
242.250000,0.851358
242.500000,1.490398
242.750000,1.613100
243.000000,1.177808
243.250000,0.335880
243.500000,-0.620964
243.750000,-1.361739
244.000000,-1.630685
244.250000,-1.335552
244.500000,-0.579212
244.750000,0.376222
245.000000,1.200253
245.250000,1.608316
245.500000,1.460033
245.750000,0.807477
246.000000,-0.123142
246.250000,-1.009906
246.500000,-1.546543
246.750000,-1.548197
247.000000,-1.015070
247.250000,-0.132062
247.500000,0.795373
247.750000,1.446888
248.000000,1.597882
248.250000,1.196896
248.500000,0.383123
248.750000,-0.561926
249.000000,-1.311804
249.250000,-1.607875
249.500000,-1.348495
249.750000,-0.623875
250.000000,0.315304
250.250000,1.144615
250.500000,1.577939
250.750000,1.466148
251.000000,0.848407
251.250000,-0.061567
251.500000,-0.949438
251.750000,-1.508819
252.000000,-1.546976
252.250000,-1.051205
252.500000,-0.193045
252.750000,0.731079
253.000000,1.402228
253.250000,1.589002
253.500000,1.227292
253.750000,0.442274
254.000000,-0.494913
254.250000,-1.260799
254.500000,-1.591207
254.750000,-1.372347
255.000000,-0.679993
255.250000,0.246754
255.500000,1.088022
255.750000,1.553550
256.000000,1.482813
256.250000,0.900358
256.500000,0.007287
256.750000,-0.888160
257.000000,-1.476975
257.250000,-1.555985
257.500000,-1.097952
257.750000,-0.260957
258.000000,0.666144
258.250000,1.363379
258.500000,1.590077
258.750000,1.267921
259.000000,0.508009
259.250000,-0.427446
259.500000,-1.215574
259.750000,-1.584262
260.000000,-1.406087
260.250000,-0.742363
260.500000,0.177953
260.750000,1.037214
261.000000,1.538697
261.250000,1.509059
261.500000,0.958248
261.750000,0.076184
262.000000,-0.832702
262.250000,-1.454520
262.500000,-1.574309
262.750000,-1.150349
263.000000,-0.328701
263.250000,0.607087
263.500000,1.333815
263.750000,1.600240
264.000000,1.313937
264.250000,0.573372
264.500000,-0.365938
264.750000,-1.179569
265.000000,-1.586223
265.250000,-1.444986
265.500000,-0.804166
265.750000,0.115205
266.000000,0.995592
266.250000,1.532611
266.500000,1.540269
266.750000,1.015393
267.000000,0.138926
267.250000,-0.786427
267.500000,-1.440732
267.750000,-1.597442
268.000000,-1.201845
268.250000,-0.390186
268.500000,0.557237
268.750000,1.312858
269.000000,1.615098
269.250000,1.358925
269.500000,0.632376
269.750000,-0.313678
270.000000,-1.152146
270.250000,-1.592803
270.500000,-1.482758
270.750000,-0.859522
271.000000,0.061759
271.250000,0.962561
271.500000,1.531108
271.750000,1.570289
272.000000,1.066018
272.250000,0.192304
272.500000,-0.748780
272.750000,-1.431532
273.000000,-1.619357
273.250000,-1.246770
273.500000,-0.442245
273.750000,0.516074
274.000000,1.296530
274.250000,1.628748
274.500000,1.397316
274.750000,0.681897
275.000000,-0.270181
275.250000,-1.129426
275.500000,-1.598225
275.750000,-1.513939
276.000000,-0.905348
276.250000,0.017164
276.500000,0.934337
276.750000,1.528533
277.000000,1.593756
277.250000,1.107085
277.500000,0.236740
277.750000,-0.716067
278.000000,-1.421383
278.250000,-1.634792
278.500000,-1.282130
278.750000,-0.485271
279.000000,0.479993
279.250000,1.279409
279.500000,1.636027
279.750000,1.426162
280.000000,0.722302
280.250000,-0.231928
280.500000,-1.106101
280.750000,-1.597421
281.000000,-1.535623
281.250000,-0.941989
281.500000,-0.022018
281.750000,0.905721
282.000000,1.519914
282.250000,1.607809
282.500000,1.138916
282.750000,0.275590
283.000000,-0.683198
283.250000,-1.405407
283.500000,-1.640931
283.750000,-1.308227
284.000000,-0.522543
284.250000,0.444008
284.500000,1.256709
284.750000,1.634164
285.000000,1.445745
285.250000,0.756795
285.500000,-0.194035
285.750000,-1.077473
286.000000,-1.587666
286.250000,-1.548078
286.500000,-0.972578
286.750000,-0.060571
287.000000,0.872104
287.250000,1.502571
287.500000,1.612699
287.750000,1.164575
288.000000,0.313545
288.250000,-0.645649
288.500000,-1.380965
288.750000,-1.638011
289.000000,-1.328058
289.250000,-0.558661
289.500000,0.403678
289.750000,1.225834
290.000000,1.623383
290.250000,1.459000
290.500000,0.789889
290.750000,-0.152139
291.000000,-1.040988
291.250000,-1.569169
291.500000,-1.554176
291.750000,-1.001539
292.000000,-0.102782
292.250000,0.830970
292.500000,1.476698
292.750000,1.611240
293.000000,1.188404
293.250000,0.354815
293.500000,-0.600943
293.750000,-1.348241
294.000000,-1.628786
294.250000,-1.345886
294.500000,-0.597762
294.750000,0.356561
295.000000,1.186954
295.250000,1.606381
295.500000,1.470111
295.750000,0.825650
296.000000,-0.103835
296.250000,-0.996803
296.500000,-1.544574
296.750000,-1.558024
297.000000,-1.032873
297.250000,-0.151021
297.500000,0.782464
297.750000,1.444886
298.000000,1.607464
298.250000,1.214336
298.500000,0.401740
298.750000,-0.549209
299.000000,-1.309771
299.250000,-1.617218
299.500000,-1.365579
299.750000,-0.642157
300.000000,0.302776
300.250000,1.142553
300.500000,1.587047
300.750000,1.482884
301.000000,0.866358
301.250000,-0.049226
301.500000,-0.947350
301.750000,-1.517700
302.000000,-1.563370
302.250000,-1.068832
302.500000,-0.205202
302.750000,0.728966
303.000000,1.410886
303.250000,1.605061
303.500000,1.244600
303.750000,0.454250
304.000000,-0.492776
304.250000,-1.269238
304.500000,-1.606938
304.750000,-1.389342
305.000000,-0.691789
305.250000,0.244596
305.500000,1.096248
305.750000,1.568959
306.000000,1.499500
306.250000,0.911977
306.500000,0.009466
306.750000,-0.896179
307.000000,-1.492068
307.250000,-1.572370
307.500000,-1.109397
307.750000,-0.263154
308.000000,0.673958
308.250000,1.378163
308.500000,1.606164
308.750000,1.279194
309.000000,0.510224
309.250000,-0.435062
309.500000,-1.230055
309.750000,-1.600057
310.000000,-1.417190
310.250000,-0.744593
310.500000,0.185375
310.750000,1.051397
311.000000,1.554206
311.250000,1.519994
311.500000,0.960492
311.750000,0.068951
312.000000,-0.846594
312.250000,-1.469746
312.500000,-1.585078
312.750000,-1.152606
313.000000,-0.321653
313.250000,0.620694
313.500000,1.348765
313.750000,1.610846
314.000000,1.316206
314.250000,0.566505
314.500000,-0.379265
314.750000,-1.194246
315.000000,-1.596668
315.250000,-1.447265
315.500000,-0.797475
315.750000,0.128257
316.000000,1.010001
316.250000,1.542897
316.500000,1.542557
316.750000,1.008875
317.000000,0.126143
317.250000,-0.800574
317.500000,-1.450861
317.750000,-1.599738
318.000000,-1.195495
318.250000,-0.377667
318.500000,0.571126
318.750000,1.322833
319.000000,1.617400
319.250000,1.352739
319.500000,0.620115
319.750000,-0.327313
320.000000,-1.161968
320.250000,-1.595111
320.500000,-1.476733
320.750000,-0.847514
321.000000,0.075145
321.250000,0.972233
321.500000,1.533421
321.750000,1.564421
322.000000,1.054259
322.250000,0.179163
322.500000,-0.758303
322.750000,-1.433849
323.000000,-1.613642
323.250000,-1.235254
323.500000,-0.429344
323.750000,0.525451
324.000000,1.298849
324.250000,1.623183
324.500000,1.386039
324.750000,0.669232
325.000000,-0.279413
325.250000,-1.131747
325.500000,-1.592805
325.750000,-1.502895
326.000000,-0.892916
326.250000,0.026254
326.500000,0.936659
326.750000,1.523256
327.000000,1.582941
327.250000,1.094881
327.500000,0.227790
327.750000,-0.718389
328.000000,-1.416245
328.250000,-1.624201
328.500000,-1.270150
328.750000,-0.476459
329.000000,0.482313
329.250000,1.274407
329.500000,1.625656
329.750000,1.414401
330.000000,0.713627
330.250000,-0.234247
330.500000,-1.101231
330.750000,-1.587266
331.000000,-1.524079
331.250000,-0.933449
331.500000,-0.019701
331.750000,0.900981
332.000000,1.509971
332.250000,1.596476
332.500000,1.130508
332.750000,0.273276
333.000000,-0.678585
333.250000,-1.395670
333.500000,-1.629807
333.750000,-1.299950
334.000000,-0.520234
334.250000,0.439518
334.500000,1.247175
334.750000,1.623246
335.000000,1.437597
335.250000,0.754491
335.500000,-0.189665
335.750000,-1.068138
336.000000,-1.576948
336.250000,-1.540057
336.500000,-0.970279
336.750000,-0.064824
337.000000,0.862964
337.250000,1.492051
337.500000,1.604804
337.750000,1.162282
338.000000,0.317682
338.250000,-0.636701
338.500000,-1.370639
338.750000,-1.630239
339.000000,-1.325772
339.250000,-0.562687
339.500000,0.394916
339.750000,1.215699
340.000000,1.615733
340.250000,1.456721
340.500000,0.793806
340.750000,-0.143561
341.000000,-1.031040
341.250000,-1.561639
341.500000,-1.551905
341.750000,-1.005349
342.000000,-0.111180
342.250000,0.821206
342.500000,1.469287
342.750000,1.608977
343.000000,1.192110
343.250000,0.363037
343.500000,-0.591360
343.750000,-1.340946
344.000000,-1.626532
344.250000,-1.349490
344.500000,-0.605812
344.750000,0.347156
345.000000,1.179774
345.250000,1.604136
345.500000,1.473616
345.750000,0.833531
346.000000,-0.094604
346.250000,-0.989737
346.500000,-1.542339
346.750000,-1.561432
347.000000,-1.040588
347.250000,-0.160081
347.500000,0.775510
347.750000,1.442661
348.000000,1.610778
348.250000,1.221889
348.500000,0.410632
348.750000,-0.542365
349.000000,-1.307557
349.250000,-1.620440
349.500000,-1.372973
349.750000,-0.650883
350.000000,0.296039
350.250000,1.140351
350.500000,1.590180
350.750000,1.490122
351.000000,0.874923
351.250000,-0.042597
351.500000,-0.945159
351.750000,-1.520745
352.000000,-1.570456
352.250000,-1.077237
352.500000,-0.211726
352.750000,0.726786
353.000000,1.413845
353.250000,1.611997
353.500000,1.252849
353.750000,0.460670
354.000000,-0.490609
354.250000,-1.272114
354.500000,-1.613727
354.750000,-1.397437
355.000000,-0.698107
355.250000,0.242441
355.500000,1.099043
355.750000,1.575605
356.000000,1.507444
356.250000,0.918194
356.500000,0.011608
356.750000,-0.898894
357.000000,-1.498573
357.250000,-1.580166
357.500000,-1.115515
357.750000,-0.265283
358.000000,0.676597
358.250000,1.384530
358.500000,1.613815
358.750000,1.285213
359.000000,0.512339
359.250000,-0.437625
359.500000,-1.236288
359.750000,-1.607565
360.000000,-1.423113
360.250000,-0.746694
360.500000,0.187865
360.750000,1.057497
361.000000,1.561573
361.250000,1.525822
361.500000,0.962579
361.750000,0.066534
362.000000,-0.852564
362.250000,-1.476976
362.500000,-1.590813
362.750000,-1.154679
363.000000,-0.319306
363.250000,0.626537
363.500000,1.355859
363.750000,1.616488
364.000000,1.318264
364.250000,0.564226
364.500000,-0.384984
364.750000,-1.201207
365.000000,-1.602219
365.250000,-1.449309
365.500000,-0.795263
365.750000,0.133855
366.000000,1.016832
366.250000,1.548358
366.500000,1.544586
366.750000,1.006727
367.000000,0.120665
367.250000,-0.807277
367.500000,-1.456235
367.750000,-1.601752
368.000000,-1.193410
368.250000,-0.372306
368.500000,0.577703
368.750000,1.328120
369.000000,1.619399
369.250000,1.350716
369.500000,0.614869
369.750000,-0.333767
370.000000,-1.167169
370.250000,-1.597094
370.500000,-1.474770
370.750000,-0.842380
371.000000,0.081478
371.250000,0.977350
371.500000,1.535388
371.750000,1.562516
372.000000,1.049234
372.250000,0.172950
372.500000,-0.763337
372.750000,-1.435801
373.000000,-1.611795
373.250000,-1.230337
373.500000,-0.423248
373.750000,0.530402
374.000000,1.300785
374.250000,1.621390
374.500000,1.381227
374.750000,0.663251
