0.000000,0.500000
0.100000,0.485530
0.200000,0.444229
0.300000,0.380912
0.400000,0.301407
0.500000,0.212078
0.600000,0.119341
0.700000,0.029215
0.800000,-0.053070
0.900000,-0.123368
1.000000,-0.178817
1.100000,-0.217922
1.200000,-0.240521
1.300000,-0.247658
1.400000,-0.241364
1.500000,-0.224373
1.600000,-0.199814
1.700000,-0.170881
1.800000,-0.140536
1.900000,-0.111254
2.000000,-0.084831
2.100000,-0.062281
2.200000,-0.043806
2.300000,-0.028868
2.400000,-0.016322
2.500000,-0.004620
2.600000,0.007948
2.700000,0.022993
2.800000,0.041784
2.900000,0.065029
3.000000,0.092713
3.100000,0.124017
3.200000,0.157309
3.300000,0.190232
3.400000,0.219866
3.500000,0.242967
3.600000,0.256259
3.700000,0.256752
3.800000,0.242060
3.900000,0.210703
4.000000,0.162341
4.100000,0.097942
4.200000,0.019846
4.300000,-0.068279
4.400000,-0.161591
4.500000,-0.254337
4.600000,-0.340211
4.700000,-0.412780
4.800000,-0.465954
4.900000,-0.494462
5.000000,-0.494306
5.100000,-0.463149
5.200000,-0.400600
5.300000,-0.308392
5.400000,-0.190401
5.500000,-0.052522
5.600000,0.097607
5.700000,0.251029
5.800000,0.397998
5.900000,0.528600
6.000000,0.633422
6.100000,0.704216
6.200000,0.734523
6.300000,0.720202
6.400000,0.659829
6.500000,0.554927
6.600000,0.410013
6.700000,0.232440
6.800000,0.032040
6.900000,-0.179409
7.000000,-0.388881
7.100000,-0.582901
7.200000,-0.748414
7.300000,-0.873660
7.400000,-0.948997
7.500000,-0.967619
7.600000,-0.926108
7.700000,-0.824792
7.800000,-0.667859
7.900000,-0.463234
8.000000,-0.222192
8.100000,0.041247
8.200000,0.311139
8.300000,0.570573
8.400000,0.802741
8.500000,0.992019
8.600000,1.125018
8.700000,1.191519
8.800000,1.185228
8.900000,1.104303
9.000000,0.951607
9.100000,0.734665
9.200000,0.465319
9.300000,0.159090
9.400000,-0.165710
9.500000,-0.489072
9.600000,-0.790528
9.700000,-1.050443
9.800000,-1.251295
9.900000,-1.378852
10.000000,-1.423163
10.100000,-1.379305
10.200000,-1.247825
10.300000,-1.034838
10.400000,-0.751778
10.500000,-0.414795
10.600000,-0.043845
10.700000,0.338496
10.800000,0.708405
10.900000,1.042295
11.000000,1.318323
11.100000,1.517816
11.200000,1.626528
11.300000,1.635638
11.400000,1.542430
11.500000,1.350596
11.600000,1.070134
11.700000,0.716847
11.800000,0.311462
11.900000,-0.121584
12.000000,-0.555616
12.100000,-0.963369
12.200000,-1.318698
12.300000,-1.598255
12.400000,-1.783024
12.500000,-1.859600
12.600000,-1.821148
12.700000,-1.667952
12.800000,-1.407531
12.900000,-1.054298
13.000000,-0.628766
13.100000,-0.156372
13.200000,0.334053
13.300000,0.812037
13.400000,1.247366
13.500000,1.611992
13.600000,1.881843
13.700000,2.038403
13.800000,2.069978
13.900000,1.972539
14.000000,1.750107
14.100000,1.414626
14.200000,0.985336
14.300000,0.487680
14.400000,-0.048206
14.500000,-0.589315
14.600000,-1.101803
14.700000,-1.553110
14.800000,-1.914029
14.900000,-2.160590
15.000000,-2.275652
15.100000,-2.250081
15.200000,-2.083436
15.300000,-1.784130
15.400000,-1.369024
15.500000,-0.862484
15.600000,-0.294959
15.700000,0.298850
15.800000,0.882114
15.900000,1.418162
16.000000,1.872784
16.100000,2.216419
16.200000,2.426072
16.300000,2.486847
16.400000,2.392987
16.500000,2.148359
16.600000,1.766331
16.700000,1.269058
16.800000,0.686202
16.900000,0.053165
17.000000,-0.591063
17.100000,-1.206307
17.200000,-1.753712
17.300000,-2.198198
17.400000,-2.510708
17.500000,-2.670106
17.600000,-2.664594
17.700000,-2.492565
17.800000,-2.162824
17.900000,-1.694159
18.000000,-1.114274
18.100000,-0.458162
18.200000,0.234014
18.300000,0.919376
18.400000,1.554989
18.500000,2.100553
18.600000,2.520957
18.700000,2.788540
18.800000,2.884905
18.900000,2.802170
19.000000,2.543581
19.100000,2.123423
19.200000,1.566244
19.300000,0.905429
19.400000,0.181196
19.500000,-0.561849
19.600000,-1.277461
19.700000,-1.920636
19.800000,-2.450442
19.900000,-2.832626
20.000000,-3.041821
20.100000,-3.063229
20.200000,-2.893652
20.300000,-2.541803
20.400000,-2.027881
20.500000,-1.382418
20.600000,-0.644468
20.700000,0.140759
20.800000,0.924660
20.900000,1.658257
21.000000,2.295255
21.100000,2.794962
21.200000,3.124893
21.300000,3.262873
21.400000,3.198526
21.500000,2.934024
21.600000,2.484071
21.700000,1.875097
21.800000,1.143706
21.900000,0.334477
22.000000,-0.502747
22.100000,-1.315939
22.200000,-2.054116
22.300000,-2.670541
22.400000,-3.125678
22.500000,-3.389730
22.600000,-3.444585
22.700000,-3.285047
22.800000,-2.919269
22.900000,-2.368356
23.000000,-1.665157
23.100000,-0.852302
23.200000,0.020374
23.300000,0.898894
23.400000,1.728475
23.500000,2.456948
23.600000,3.038037
23.700000,3.434302
23.800000,3.619545
23.900000,3.580541
24.000000,3.317961
24.100000,2.846446
24.200000,2.193793
24.300000,1.399328
24.400000,0.511530
24.500000,-0.414921
24.600000,-1.322516
24.700000,-2.154492
24.800000,-2.858374
24.900000,-3.389295
25.000000,-3.712850
25.100000,-3.807323
25.200000,-3.665139
25.300000,-3.293438
25.400000,-2.713738
25.500000,-1.960696
25.600000,-1.080035
25.700000,-0.125772
25.800000,0.843099
25.900000,1.766253
26.000000,2.585794
26.100000,3.249886
26.200000,3.716030
26.300000,3.953787
26.400000,3.946757
26.500000,3.693701
26.600000,3.208722
26.700000,2.520490
26.800000,1.670550
26.900000,0.710812
27.000000,-0.299613
27.100000,-1.298061
27.200000,-2.222200
27.300000,-3.013923
27.400000,-3.623004
27.500000,-4.010280
27.600000,-4.150171
27.700000,-4.032364
27.800000,-3.662551
27.900000,-3.062180
28.000000,-2.267215
28.100000,-1.325983
28.200000,-0.296239
28.300000,0.758383
28.400000,1.772298
28.500000,2.682056
28.600000,3.430310
28.700000,3.969432
28.800000,4.264546
28.900000,4.295778
29.000000,4.059588
29.100000,3.569091
29.200000,2.853335
29.300000,1.955589
29.400000,0.930722
29.500000,-0.158145
29.600000,-1.243532
29.700000,-2.257781
29.800000,-3.137275
29.900000,-3.826431
30.000000,-4.281210
30.100000,-4.471933
30.200000,-4.385213
30.300000,-4.024879
30.400000,-3.411839
30.500000,-2.582872
30.600000,-1.588420
30.700000,-0.489521
30.800000,0.645937
30.900000,1.747415
31.000000,2.746101
31.100000,3.579217
31.200000,4.193961
31.300000,4.550853
31.400000,4.626273
31.500000,4.414013
31.600000,3.925762
31.700000,3.190469
31.800000,2.252632
31.900000,1.169603
32.000000,0.008084
32.100000,-1.159983
32.200000,-2.261875
32.300000,-3.228619
32.400000,-3.999303
32.500000,-4.524922
32.600000,-4.771490
32.700000,-4.722233
32.800000,-4.378727
32.900000,-3.760884
33.000000,-2.905810
33.100000,-1.865578
33.200000,-0.704050
33.300000,0.507035
33.400000,1.692501
33.500000,2.778398
33.600000,3.696617
33.700000,4.389165
33.800000,4.811826
33.900000,4.936983
34.000000,4.755418
34.100000,4.276975
34.200000,3.530035
34.300000,2.559841
34.400000,1.425750
34.500000,0.197611
34.600000,-1.048548
34.700000,-2.235221
34.800000,-3.288247
34.900000,-4.141451
35.000000,-4.740794
35.100000,-5.047804
35.200000,-5.042040
35.300000,-4.722443
35.400000,-4.107499
35.500000,-3.234164
35.600000,-2.155655
35.700000,-0.938200
35.800000,0.343027
35.900000,1.608549
36.000000,2.779516
36.100000,3.782624
36.200000,4.554698
36.300000,5.046677
36.400000,5.226728
36.500000,5.082301
36.600000,4.620999
36.700000,3.870184
36.800000,2.875361
36.900000,1.697418
37.000000,0.408903
37.100000,-0.910449
37.200000,-2.178651
37.300000,-3.316558
37.400000,-4.252809
37.500000,-4.928302
37.600000,-5.299928
37.700000,-5.343315
37.800000,-5.054426
37.900000,-4.449895
38.000000,-3.566068
38.100000,-2.456826
38.200000,-1.190295
38.300000,0.155334
38.400000,1.496636
38.500000,2.750127
38.600000,3.837457
38.700000,4.690314
38.800000,5.254711
38.900000,5.494405
39.000000,5.393224
39.100000,4.956148
39.200000,4.209082
39.300000,3.197326
39.400000,1.982823
39.500000,0.640371
39.600000,-0.746985
39.700000,-2.093094
39.800000,-3.314049
39.900000,-4.333417
40.000000,-5.087024
40.100000,-5.527002
40.200000,-5.624817
40.300000,-5.373128
40.400000,-4.786314
40.500000,-3.899661
40.600000,-2.767240
40.700000,-1.458613
40.800000,-0.054556
40.900000,1.357927
41.000000,2.690997
41.100000,3.861441
41.200000,4.795873
41.300000,5.435332
41.400000,5.739001
41.500000,5.686815
41.600000,5.280777
41.700000,4.544917
41.800000,3.523865
41.900000,2.280151
42.000000,0.890370
42.100000,-0.559530
42.200000,-1.979570
42.300000,-3.281322
42.400000,-4.383420
42.500000,-5.216642
42.600000,-5.728262
42.700000,-5.885386
42.800000,-5.677062
42.900000,-5.115035
43.000000,-4.233093
43.100000,-3.085035
43.200000,-1.741391
43.300000,-0.285089
43.400000,1.193669
43.500000,2.602990
43.600000,3.855003
43.700000,4.871341
43.800000,5.588046
43.900000,5.959591
44.000000,5.961777
44.100000,5.593299
44.200000,4.875904
44.300000,3.853110
44.400000,2.587564
44.500000,1.157207
44.600000,-0.349528
44.700000,-1.839183
44.800000,-3.219076
44.900000,-4.403068
45.000000,-5.316939
45.100000,-5.903044
45.200000,-6.123945
45.300000,-5.964806
45.400000,-5.434379
45.500000,-4.564533
45.600000,-3.408340
45.700000,-2.036836
45.800000,-0.534657
45.900000,1.005185
46.000000,2.487062
46.100000,3.818672
46.200000,4.916788
46.300000,5.712460
46.400000,6.155344
46.500000,6.216892
46.600000,5.892181
46.700000,5.200294
46.800000,4.183201
46.900000,2.903207
47.000000,1.439145
47.100000,-0.118489
47.200000,-1.673125
47.300000,-3.128110
47.400000,-4.392718
47.500000,-5.387809
47.600000,-6.050780
47.700000,-6.339505
47.800000,-6.235011
47.900000,-5.742720
48.000000,-4.892178
48.100000,-3.735284
48.200000,-2.343124
48.300000,-0.801599
48.400000,0.793871
48.500000,2.344260
48.600000,3.753082
48.700000,4.932393
48.800000,5.808287
48.900000,6.325527
49.000000,6.451023
49.100000,6.175955
49.200000,5.516379
49.300000,4.512293
49.400000,3.225215
49.500000,1.734412
49.600000,0.132017
49.700000,-1.482665
49.800000,-3.009315
49.900000,-4.352829
50.000000,-5.429249
50.100000,-6.171009
50.200000,-6.531172
50.300000,-6.486405
50.400000,-6.038485
50.500000,-5.214253
50.600000,-4.064001
50.700000,-2.658412
50.800000,-1.084209
50.900000,0.561192
51.000000,2.175717
51.100000,3.658961
51.200000,4.918438
51.300000,5.875347
51.400000,6.469503
51.500000,6.663123
51.600000,6.443225
51.700000,5.822496
51.800000,4.838565
51.900000,3.551717
52.000000,2.041205
52.100000,0.400365
52.200000,-1.269151
52.300000,-2.863676
52.400000,-4.283963
52.500000,-5.441365
52.600000,-6.263371
52.700000,-6.698144
52.800000,-6.717795
52.900000,-6.320165
53.000000,-5.529022
53.100000,-4.392638
53.200000,-2.980844
53.300000,-1.380741
53.400000,0.308677
53.500000,1.982647
53.600000,3.537138
53.700000,4.875313
53.800000,5.913565
53.900000,6.586743
54.000000,6.852233
54.100000,6.692666
54.200000,6.117039
54.300000,5.160223
54.400000,3.880845
54.500000,2.357696
54.600000,0.684881
54.700000,-1.034000
54.800000,-2.692267
54.900000,-4.186782
55.000000,-5.424368
55.100000,-6.327614
55.200000,-6.839722
55.300000,-6.928076
55.400000,-6.586317
55.500000,-5.834796
55.600000,-4.719359
55.700000,-3.308553
55.800000,-1.689413
55.900000,0.037911
56.000000,1.766345
56.100000,3.388534
56.200000,4.803510
56.300000,5.922976
56.400000,6.676817
56.500000,7.017493
56.600000,6.923034
56.700000,6.398459
56.800000,5.475511
56.900000,4.210741
57.000000,2.682042
57.100000,0.983849
57.200000,-0.778694
57.300000,-2.496245
57.400000,-4.062050
57.500000,-5.378578
57.600000,-6.363595
57.700000,-6.955308
57.800000,-7.116232
57.900000,-6.835571
58.000000,-6.129934
58.100000,-5.042357
58.200000,-3.639675
58.300000,-2.008418
58.400000,-0.249468
58.500000,1.528178
58.600000,3.214163
58.700000,4.703626
58.800000,5.903721
58.900000,6.739406
59.000000,7.158137
59.100000,7.133170
59.200000,6.665271
59.300000,5.782710
59.400000,4.539562
59.500000,3.012385
59.600000,1.295513
59.700000,-0.504779
59.800000,-2.276852
59.900000,-3.910624
60.000000,-5.304417
60.100000,-6.371277
60.200000,-7.044406
60.300000,-7.281341
60.400000,-7.066633
60.500000,-6.412852
60.600000,-5.359854
60.700000,-3.972350
60.800000,-2.335927
60.900000,-0.551775
61.000000,1.269582
61.100000,3.015124
61.200000,4.576356
61.300000,5.856048
61.400000,6.774294
61.500000,7.273502
61.600000,7.322003
61.700000,6.916062
61.800000,6.080154
61.900000,4.865487
62.000000,3.346867
62.100000,1.618089
62.200000,-0.213855
62.300000,-2.035401
62.400000,-3.733456
62.500000,-5.202414
62.600000,-6.350731
62.700000,-7.106628
62.800000,-7.422578
62.900000,-7.278294
63.000000,-6.682030
63.100000,-5.670113
63.200000,-4.304729
63.300000,-2.670098
63.400000,-0.867284
63.500000,0.992060
63.600000,2.792602
63.700000,4.422493
63.800000,5.780312
63.900000,6.781377
64.000000,7.363029
64.100000,7.488553
64.200000,7.149495
64.300000,6.366227
64.400000,5.186725
64.500000,3.683628
64.600000,1.949768
64.700000,0.092429
64.800000,-1.773283
64.900000,-3.531586
65.000000,-5.073199
65.100000,-6.302137
65.200000,-7.141692
65.300000,-7.539217
65.400000,-7.469429
65.500000,-6.936014
65.600000,-5.971441
65.700000,-4.634984
65.800000,-3.009078
65.900000,-1.194235
66.000000,0.697169
66.100000,2.547859
66.200000,4.242928
66.300000,5.676975
66.400000,6.760658
66.500000,7.426265
66.600000,7.631938
66.700000,7.364311
66.800000,6.639374
66.900000,5.501519
67.000000,4.020821
67.100000,2.288720
67.200000,0.412380
67.300000,-1.491953
67.400000,-3.306143
67.500000,-4.917501
67.600000,-6.225783
67.700000,-7.149427
67.800000,-7.630638
67.900000,-7.639006
68.000000,-7.173424
68.100000,-6.262196
68.200000,-4.961313
68.300000,-3.351016
68.400000,-1.530843
68.500000,0.386524
68.600000,2.282235
68.700000,4.038642
68.800000,5.546600
68.900000,6.712250
69.000000,7.462862
69.100000,7.751373
69.200000,7.559338
69.300000,6.898107
69.400000,5.808157
69.500000,4.356611
69.600000,2.633109
69.700000,0.744264
69.800000,-1.192927
69.900000,-3.058335
70.000000,-4.736148
70.100000,-6.122062
70.200000,-7.129768
70.300000,-7.696324
70.400000,-7.786087
70.500000,-7.392959
70.600000,-6.540792
70.700000,-5.281945
70.800000,-3.694064
70.900000,-1.875296
71.000000,0.061783
71.100000,1.997137
71.200000,3.810705
71.300000,5.389853
71.400000,6.636372
71.500000,7.472582
71.600000,7.846176
71.700000,7.733491
71.800000,7.141006
71.900000,6.104971
72.000000,4.689190
72.100000,2.981089
72.200000,1.086320
72.300000,-0.877779
72.400000,-2.789449
72.500000,-4.530060
72.600000,-5.991474
72.700000,-7.082762
72.800000,-7.735863
72.900000,-7.909831
73.000000,-7.593399
73.100000,-6.805707
73.200000,-5.595148
73.300000,-4.036390
73.400000,-2.225773
73.500000,-0.275352
73.600000,1.694039
73.700000,3.560271
73.800000,5.207500
73.900000,6.533354
74.000000,7.455297
74.100000,7.915770
74.200000,7.885780
74.300000,7.366728
74.400000,6.390350
74.500000,5.016774
74.600000,3.330820
74.700000,1.436761
74.800000,-0.548132
74.900000,-2.500846
75.000000,-4.300251
75.100000,-5.834621
75.200000,-7.008563
75.300000,-7.748955
75.400000,-8.009499
75.500000,-7.773612
75.600000,-7.055487
75.700000,-5.899235
75.800000,-4.376176
75.900000,-2.580439
76.000000,-0.623145
76.100000,1.374472
76.200000,3.288575
76.300000,5.000401
76.400000,6.403629
76.500000,7.410988
76.600000,7.959684
76.700000,8.015311
76.800000,7.574012
76.900000,6.662741
77.000000,5.337618
77.100000,3.680469
77.200000,1.793778
77.300000,-0.205657
77.400000,-2.193953
77.500000,-4.047820
77.600000,-5.652205
77.700000,-6.907435
77.800000,-7.735408
77.900000,-8.084454
78.000000,-7.932558
78.100000,-7.288752
78.200000,-6.192571
78.300000,-4.711634
78.400000,-2.937463
78.500000,-0.979832
78.600000,1.040025
78.700000,2.996929
78.800000,4.769510
78.900000,6.247737
79.000000,7.339746
79.100000,7.977555
79.200000,8.121289
79.300000,7.761681
79.400000,6.920659
79.500000,5.650017
79.600000,4.028218
79.700000,2.155555
79.800000,0.147942
79.900000,-1.870261
80.000000,-3.773949
80.100000,-5.445029
80.200000,-6.779749
80.300000,-7.695139
80.400000,-8.134166
80.500000,-8.069293
80.600000,-7.504199
80.700000,-6.473578
80.800000,-5.041005
80.900000,-3.295014
81.000000,-1.343627
81.100000,0.692330
81.200000,2.686714
81.300000,4.515872
81.400000,6.066318
81.500000,7.241770
81.600000,7.969128
81.700000,8.203023
81.800000,7.928647
81.900000,7.162688
82.000000,5.952314
82.100000,4.372273
82.200000,2.520268
82.300000,0.510923
82.400000,-1.531318
82.500000,-3.479898
82.600000,-5.213987
82.700000,-6.625982
82.800000,-7.628176
82.900000,-8.158214
83.000000,-8.182968
83.100000,-7.700609
83.200000,-6.740739
83.300000,-5.362570
83.400000,-3.651277
83.500000,-1.712728
83.600000,0.333065
83.700000,2.359376
83.800000,4.240615
83.900000,5.860116
84.000000,7.117368
84.100000,7.934259
84.200000,8.259925
84.300000,8.073917
84.400000,7.387488
84.500000,6.242909
84.600000,4.710866
84.700000,2.886096
84.800000,0.881524
84.900000,-1.178722
85.000000,-3.167002
85.100000,-4.960069
85.200000,-6.446713
85.300000,-7.534657
85.400000,-8.156282
85.500000,-8.272838
85.600000,-7.876852
85.700000,-6.992607
85.800000,-5.674656
85.900000,-4.004455
86.000000,-2.085324
86.100000,-0.036059
86.200000,2.016424
86.300000,3.944950
86.400000,5.629968
86.500000,6.966957
86.600000,7.872917
86.700000,8.291515
86.800000,8.196593
86.900000,7.593801
87.000000,6.520257
87.100000,5.042267
87.200000,3.251225
87.300000,1.257961
87.400000,-0.814117
87.500000,-2.836664
87.600000,-4.684350
87.700000,-6.242627
87.800000,-7.414828
87.900000,-8.128169
88.000000,-8.338263
88.100000,-8.031886
88.200000,-7.227807
88.300000,-5.975639
88.400000,-4.352773
88.500000,-2.459602
88.600000,-0.413301
88.700000,1.659419
88.800000,3.630164
88.900000,5.376807
89.000000,6.791057
89.100000,7.785176
89.200000,8.297422
89.300000,8.295880
89.400000,7.780454
89.500000,6.782883
89.600000,5.364786
89.700000,3.613857
89.800000,1.638437
89.900000,-0.439186
90.000000,-2.490351
90.100000,-4.387990
90.200000,-6.014503
90.300000,-7.269045
90.400000,-8.073779
90.500000,-8.378705
90.600000,-8.164768
90.700000,-7.445045
90.800000,-6.263951
90.900000,-4.694492
91.000000,-2.833755
91.100000,-0.796898
91.200000,1.289972
91.300000,3.297615
91.400000,5.101654
91.500000,6.590291
91.600000,7.671225
91.700000,8.277384
91.800000,8.371082
91.900000,7.946363
92.000000,7.029380
92.100000,5.676782
92.200000,3.972216
92.300000,2.021151
92.400000,-0.055645
92.500000,-2.129586
92.600000,-4.072227
92.700000,-5.763219
92.800000,-7.097770
92.900000,-7.993132
93.000000,-8.393739
93.100000,-8.274651
93.200000,-7.643109
93.300000,-6.538091
93.400000,-5.027910
93.500000,-3.205986
93.600000,-1.185070
93.700000,0.909736
93.800000,2.948727
93.900000,4.805620
94.000000,6.365384
94.100000,7.531358
94.200000,8.231250
94.300000,8.421611
94.400000,8.090539
94.500000,7.258418
94.600000,5.976666
94.700000,4.324553
94.800000,2.404303
94.900000,0.334764
95.000000,-1.755946
95.100000,-3.738374
95.200000,-5.489745
95.300000,-6.901567
95.400000,-7.886354
95.500000,-8.383045
95.600000,-8.360792
95.700000,-7.820873
95.800000,-6.796622
95.900000,-5.351367
96.000000,-3.574518
96.100000,-1.576029
96.200000,0.520400
96.300000,2.584986
96.400000,4.489894
96.500000,6.117158
96.600000,7.365980
96.700000,8.158979
96.800000,8.446986
96.900000,8.212089
97.000000,7.468749
97.100000,6.262910
97.200000,4.669156
97.300000,2.786100
97.400000,0.730281
97.500000,-1.371053
97.600000,-3.387814
97.700000,-5.195137
97.800000,-6.681106
97.900000,-7.753683
98.000000,-8.346417
98.100000,-8.422550
98.200000,-7.977305
98.300000,-7.038182
98.400000,-5.663258
98.500000,-3.937597
98.600000,-1.967983
98.700000,0.123682
98.800000,2.207932
98.900000,4.155744
99.000000,5.846529
99.100000,7.175597
99.200000,8.060642
99.300000,8.446834
99.400000,8.310220
99.500000,7.659209
99.600000,6.534051
99.700000,5.004353
99.800000,3.164765
99.900000,1.129130
100.000000,-0.976567
100.100000,-3.021993
100.200000,-4.880539
100.300000,-6.437153
100.400000,-7.595466
100.500000,-8.283756
100.600000,-8.459391
100.700000,-8.111467
100.800000,-7.261488
100.900000,-5.962032
101.000000,-4.293501
101.100000,-2.359146
101.200000,-0.278675
101.300000,1.819156
101.400000,3.804509
101.500000,5.554504
101.600000,6.960824
101.700000,7.936418
101.800000,8.420891
101.900000,8.384243
102.000000,7.828724
102.100000,6.788699
102.200000,5.328519
102.300000,3.538541
102.400000,1.529531
102.500000,-0.574183
102.600000,-2.642415
102.700000,-4.547171
102.800000,-6.170572
102.900000,-7.412154
103.000000,-8.195077
103.100000,-8.470890
103.200000,-8.222521
103.300000,-7.465339
103.400000,-6.246200
103.500000,-4.640547
103.600000,-2.747742
103.700000,-0.684913
103.800000,1.420289
103.900000,3.437596
104.000000,5.242178
104.100000,6.722374
104.200000,7.786598
104.300000,8.369007
104.400000,8.433572
104.500000,7.976313
104.600000,7.025535
104.700000,5.640085
104.800000,3.905699
104.900000,1.929706
105.000000,-0.165623
105.100000,-2.250638
105.200000,-4.196330
105.300000,-5.882321
105.400000,-7.204305
105.500000,-8.080504
105.600000,-8.456730
105.700000,-8.309728
105.800000,-7.648622
105.900000,-6.514344
106.000000,-4.977096
106.100000,-3.132013
106.200000,-1.093264
106.300000,1.013002
106.400000,3.056472
106.500000,4.910725
106.600000,6.461058
106.700000,7.611579
106.800000,8.291139
106.900000,8.457732
107.000000,8.101093
107.100000,7.243326
107.200000,5.937538
107.300000,4.264547
107.400000,2.327882
107.500000,0.247372
107.600000,-1.848263
107.700000,-3.829383
107.800000,-5.573444
107.900000,-6.972579
108.000000,-7.940272
108.100000,-8.416705
108.200000,-8.372456
108.300000,-7.810316
108.400000,-6.765115
108.500000,-5.301559
108.600000,-3.510225
108.700000,-1.501958
108.800000,0.598993
108.900000,2.662660
109.000000,4.561399
109.100000,6.177782
109.200000,7.411863
109.300000,8.187357
109.400000,8.456354
109.500000,8.202280
109.600000,7.440921
109.700000,6.219433
109.800000,4.613431
109.900000,2.722300
110.000000,0.663049
110.100000,-1.436934
110.200000,-3.447759
110.300000,-5.245070
110.400000,-6.717736
110.500000,-7.774723
110.600000,-8.350721
110.700000,-8.410177
110.800000,-7.949495
110.900000,-6.997246
111.000000,-5.612402
111.100000,-3.880677
111.200000,-1.909227
111.300000,0.179985
111.400000,2.257734
111.500000,4.195526
111.600000,5.873544
111.700000,7.188059
111.800000,8.057841
111.900000,8.429179
112.000000,8.279195
112.100000,7.617258
112.200000,6.484394
112.300000,4.950746
112.400000,3.111226
112.500000,1.079646
112.600000,-1.018328
112.700000,-3.052948
112.800000,-4.898411
112.900000,-6.440633
113.000000,-7.584308
113.100000,-8.258793
113.200000,-8.422473
113.300000,-8.065330
113.400000,-7.209551
113.500000,-5.908156
113.600000,-4.241704
113.700000,-2.313316
113.800000,-0.242282
113.900000,1.843309
114.000000,3.814498
114.100000,5.549427
114.200000,6.940875
114.300000,7.902881
114.400000,8.376060
114.500000,8.331262
114.600000,7.771371
114.700000,6.731122
114.800000,5.274938
114.900000,3.492948
115.000000,1.495402
115.100000,-0.594148
115.200000,-2.646492
115.300000,-4.534750
115.400000,-6.142218
115.500000,-7.369580
115.600000,-8.141048
115.700000,-8.409035
115.800000,-8.157095
115.900000,-7.400932
116.000000,-6.187417
116.100000,-4.591686
116.200000,-2.712484
116.300000,-0.666058
116.400000,1.421038
116.500000,3.419770
116.600000,5.206598
116.700000,6.671116
116.800000,7.722874
116.900000,8.296960
117.000000,8.358012
117.100000,7.902389
117.200000,6.958396
117.300000,5.584516
117.400000,3.865793
117.500000,1.908565
117.600000,-0.166119
117.700000,-2.229979
117.800000,-4.155443
117.900000,-5.823529
118.000000,-7.131199
118.100000,-7.997723
118.200000,-8.369663
118.300000,-8.224169
118.400000,-7.570381
118.500000,-6.448856
118.600000,-4.929051
118.700000,-3.105019
118.800000,-1.089591
118.900000,0.992605
119.000000,3.012852
119.100000,4.846301
119.200000,6.379686
119.300000,7.518323
119.400000,8.191954
119.500000,8.359086
119.600000,8.009542
119.700000,7.165082
119.800000,5.878051
119.900000,4.228126
120.000000,2.317394
120.100000,0.264023
120.200000,-1.805037
120.300000,-3.761909
120.400000,-5.485689
120.500000,-6.869920
120.600000,-7.829162
120.700000,-8.304269
120.800000,-8.266034
120.900000,-7.716987
121.000000,-6.691222
121.100000,-5.252285
121.200000,-3.489235
121.300000,-1.511131
121.400000,0.559716
121.500000,2.595304
121.600000,4.469852
121.700000,6.067575
121.800000,7.289834
121.900000,8.061226
122.000000,8.334235
122.100000,8.092160
122.200000,7.350135
122.300000,6.154183
122.400000,4.578360
122.500000,2.720171
122.600000,0.694533
122.700000,-1.373329
122.800000,-3.355627
122.900000,-5.129902
123.000000,-6.586598
123.100000,-7.635817
123.200000,-8.212875
123.300000,-8.282283
123.400000,-7.839935
123.500000,-6.913344
123.600000,-5.559936
123.700000,-3.863487
123.800000,-1.928938
123.900000,0.124097
124.000000,2.168730
124.100000,4.078636
124.200000,5.735864
124.300000,7.038117
124.400000,7.905069
124.500000,8.283320
124.600000,8.149682
124.700000,7.512603
124.800000,6.411632
124.900000,4.914961
125.000000,3.115205
125.100000,1.123666
125.200000,-0.936545
125.300000,-2.938127
125.400000,-4.757446
125.500000,-6.282180
125.600000,-7.418247
125.700000,-8.095615
125.800000,-8.272617
125.900000,-7.938512
126.000000,-7.114140
126.100000,-5.850618
126.200000,-4.226172
126.300000,-2.341292
126.400000,-0.312518
126.500000,1.734771
126.600000,3.674099
126.700000,5.385714
126.800000,6.763977
126.900000,7.723886
127.000000,8.206312
127.100000,8.181651
127.200000,7.651630
127.300000,6.649193
127.400000,5.236452
127.500000,3.500837
127.600000,1.549686
127.700000,-0.496395
127.800000,-2.510987
127.900000,-4.369669
128.000000,-5.957701
128.100000,-7.177110
128.200000,-7.952732
128.300000,-8.236847
128.400000,-8.012111
128.500000,-7.292620
128.600000,-6.123019
128.700000,-4.575736
128.800000,-2.746494
128.900000,-0.748391
129.000000,1.295097
129.100000,3.257742
129.200000,5.018365
129.300000,6.468317
129.400000,7.518182
129.500000,8.103295
129.600000,8.187720
129.700000,7.766459
129.800000,6.865749
129.900000,5.541423
130.000000,3.875451
130.100000,1.970868
130.200000,-0.054604
130.300000,-2.075827
130.400000,-3.967984
130.500000,-5.614282
130.600000,-6.913165
130.700000,-7.784576
130.800000,-8.174894
130.900000,-8.060229
131.000000,-7.447887
131.100000,-6.375904
131.200000,-4.910682
131.300000,-3.142877
131.400000,-1.181787
131.500000,0.851405
131.600000,2.831117
131.700000,4.635130
131.800000,6.152128
131.900000,7.288571
132.000000,7.974460
132.100000,8.167650
132.200000,7.856438
132.300000,7.060271
132.400000,5.828532
132.500000,4.237477
132.600000,2.385510
132.700000,0.387099
132.800000,-1.634298
132.900000,-3.553863
133.000000,-5.253124
133.100000,-6.627269
133.200000,-7.591607
133.300000,-8.086791
133.400000,-8.082469
133.500000,-7.579141
133.600000,-6.608120
133.700000,-5.229575
133.800000,-3.528811
133.900000,-1.610981
134.000000,0.405407
134.100000,2.395820
134.200000,4.237388
134.300000,5.816490
134.400000,7.035764
134.500000,7.820109
134.600000,8.121314
134.700000,7.921016
134.800000,7.231822
134.900000,6.096514
135.000000,4.585396
135.100000,2.791934
135.200000,0.826981
135.300000,-1.188080
135.400000,-3.128830
135.500000,-4.875503
135.600000,-6.320370
135.700000,-7.374387
135.800000,-7.972682
135.900000,-8.078546
136.000000,-7.685687
136.100000,-6.818601
136.200000,-5.531046
136.300000,-3.902708
136.400000,-2.034267
136.500000,-0.041174
136.600000,1.953482
136.700000,3.826580
136.800000,5.462563
136.900000,6.760571
137.000000,7.640652
137.100000,8.048696
137.200000,7.959753
137.300000,7.379563
137.400000,6.344183
137.500000,4.917749
137.600000,3.188499
137.700000,1.263318
137.800000,-0.738872
137.900000,-2.694458
138.000000,-4.482766
138.100000,-5.993507
138.200000,-7.133582
138.300000,-7.832817
138.400000,-8.048283
138.500000,-7.766928
138.600000,-7.006372
138.700000,-5.813799
138.800000,-4.263031
138.900000,-2.449959
139.000000,-0.486612
139.100000,1.505767
139.200000,3.404204
139.300000,5.091589
139.400000,6.463897
139.500000,7.436604
139.600000,7.949889
139.700000,7.972314
139.800000,7.502752
139.900000,6.570436
140.000000,5.233141
140.100000,3.573603
140.200000,1.694399
140.300000,-0.288391
140.400000,-2.252359
140.500000,-4.076321
140.600000,-5.647800
140.700000,-6.869956
140.800000,-7.667559
140.900000,-7.991615
141.000000,-7.822378
141.100000,-7.170553
141.200000,-6.076615
141.300000,-4.608299
141.400000,-2.856405
141.500000,-0.929182
141.600000,1.054362
141.700000,2.971807
141.800000,4.704878
141.900000,6.146739
142.000000,7.208583
142.100000,7.825095
142.200000,7.958475
142.300000,7.600752
142.400000,6.774261
142.500000,5.530247
142.600000,3.945689
142.700000,2.118534
142.800000,0.161644
142.900000,-1.804177
143.000000,-3.657640
143.100000,-5.284453
143.200000,-6.584371
143.300000,-7.477373
143.400000,-7.908586
143.500000,-7.851655
143.600000,-7.310360
143.700000,-6.318357
143.800000,-4.937091
143.900000,-3.251988
144.000000,-1.367171
144.100000,0.600972
144.200000,2.530980
144.300000,4.303810
144.400000,5.810180
144.500000,6.957308
144.600000,7.674627
144.700000,7.918120
144.800000,7.673027
144.900000,6.954736
145.000000,5.807817
145.100000,4.303255
145.200000,2.534059
145.300000,0.609510
145.400000,-1.351588
145.500000,-3.228244
145.600000,-4.904743
145.700000,-6.277781
145.800000,-7.262833
145.900000,-7.799350
146.000000,-7.854487
146.100000,-7.425111
146.200000,-6.537975
146.300000,-5.248053
146.400000,-3.635134
146.500000,-1.798884
146.600000,0.147312
146.700000,2.083351
146.800000,3.889825
146.900000,5.455383
147.000000,6.683598
147.100000,7.498905
147.200000,7.851247
147.300000,7.719152
147.400000,7.111038
147.500000,6.064679
147.600000,4.644854
147.700000,2.939343
147.800000,1.053494
147.900000,-0.896284
148.000000,-2.789701
148.100000,-4.510017
148.200000,-5.951229
148.300000,-7.024610
148.400000,-7.664171
148.500000,-7.830711
148.600000,-7.514227
148.700000,-6.734509
148.800000,-5.539905
148.900000,-4.004320
149.000000,-2.222647
149.100000,-0.304899
149.200000,1.630579
149.300000,3.464420
149.400000,5.083591
149.500000,6.388363
149.600000,7.298453
149.700000,7.757960
149.800000,7.738805
149.900000,7.242441
150.000000,6.299747
150.100000,4.969107
150.200000,3.332798
150.300000,1.491893
150.400000,-0.439973
150.500000,-2.343622
150.600000,-4.101686
150.700000,-5.605841
150.800000,-6.763480
150.900000,-7.503421
151.000000,-7.780275
151.100000,-7.577235
151.200000,-6.907095
151.300000,-5.811442
151.400000,-4.358077
151.500000,-2.636817
151.600000,-0.753947
151.700000,1.174346
151.800000,3.029142
151.900000,4.696120
152.000000,6.072607
152.100000,7.073899
152.200000,7.638476
152.300000,7.731777
152.400000,7.348321
152.500000,6.512022
152.600000,5.274703
152.700000,3.712878
152.800000,1.923026
152.900000,0.015629
153.000000,-1.891650
153.100000,-3.681222
153.200000,-5.242824
153.300000,-6.480311
153.400000,-7.317578
153.500000,-7.703235
153.600000,-7.613767
153.700000,-7.054963
153.800000,-6.061542
153.900000,-4.694997
154.000000,-3.039790
154.100000,-1.198126
154.200000,0.716352
154.300000,2.585579
154.400000,4.294350
154.500000,5.737417
154.600000,6.825973
154.700000,7.493117
154.800000,7.697966
154.900000,7.428159
155.000000,6.700600
155.100000,5.560404
155.200000,4.078093
155.300000,2.345240
155.400000,0.468808
155.500000,-1.435454
155.600000,-3.250146
155.700000,-4.863460
155.800000,-6.176065
155.900000,-7.107224
156.000000,-7.599760
156.100000,-7.623566
156.200000,-7.177446
156.300000,-6.289168
156.400000,-5.013741
156.500000,-3.430002
156.600000,-1.635747
156.700000,0.258307
156.800000,2.135360
156.900000,3.879726
157.000000,5.383965
157.100000,6.555500
157.200000,7.322316
157.300000,7.637382
157.400000,7.481541
157.500000,6.864669
157.600000,5.825053
157.700000,4.427010
157.800000,2.756915
157.900000,0.917855
158.000000,-0.976726
158.100000,-2.810029
158.200000,-4.469100
158.300000,-5.851791
158.400000,-6.873043
158.500000,-7.470125
158.600000,-7.606483
158.700000,-7.273980
158.800000,-6.493376
158.900000,-5.313039
159.000000,-3.805940
159.100000,-2.065147
159.200000,-0.198075
159.300000,1.680140
159.400000,3.453745
159.500000,5.013498
159.600000,6.263401
159.700000,7.126608
159.800000,7.550144
159.900000,7.508163
160.000000,7.003519
160.100000,6.067577
160.200000,4.758261
160.300000,3.156469
160.400000,1.361076
160.500000,-0.517169
160.600000,-2.362479
160.700000,-4.061160
160.800000,-5.508623
160.900000,-6.615818
161.000000,-7.314713
161.100000,-7.562478
161.200000,-7.344104
161.300000,-6.673314
161.400000,-5.591701
161.500000,-4.166147
161.600000,-2.484690
161.700000,-0.651085
161.800000,1.221601
161.900000,3.017955
162.000000,4.627336
162.100000,5.950687
162.200000,6.906632
162.300000,7.436479
162.400000,7.507827
162.500000,7.116540
162.600000,6.286992
162.700000,5.070545
162.800000,3.542368
162.900000,1.796797
163.000000,-0.058496
163.100000,-1.909139
163.200000,-3.641113
163.300000,-5.147776
163.400000,-6.336427
163.500000,-7.134015
163.600000,-7.491622
163.700000,-7.387466
163.800000,-6.828226
163.900000,-5.848616
164.000000,-4.509226
164.100000,-2.892780
164.200000,-1.099021
164.300000,0.761441
164.400000,2.573949
164.500000,4.226867
164.600000,5.618454
164.700000,6.663127
164.800000,7.296725
164.900000,7.480445
165.000000,7.203226
165.100000,6.482404
165.200000,5.362637
165.300000,3.913132
165.400000,2.223370
165.500000,0.397582
165.600000,-1.451681
165.700000,-3.210486
165.800000,-4.770536
165.900000,-6.035843
166.000000,-6.928625
166.100000,-7.394096
166.200000,-7.403822
166.300000,-6.957460
166.400000,-6.082761
166.500000,-4.833848
166.600000,-3.287862
166.700000,-1.540201
166.800000,0.301368
166.900000,2.123354
167.000000,3.813537
167.100000,5.267880
167.200000,6.396930
167.300000,7.131323
167.400000,7.426041
167.500000,7.263177
167.600000,6.653017
167.700000,5.633392
167.800000,4.267336
167.900000,2.639181
168.000000,0.849361
168.100000,-0.991793
168.200000,-2.770849
168.300000,-4.378262
168.400000,-5.715122
168.500000,-6.699237
168.600000,-7.270187
168.700000,-7.393035
168.800000,-7.060463
168.900000,-6.293203
169.000000,-5.138754
169.100000,-3.668431
169.200000,-1.972966
169.300000,-0.156907
169.400000,1.667828
169.500000,3.388851
169.600000,4.900222
169.700000,6.108972
169.800000,6.940822
169.900000,7.344746
170.000000,7.296101
170.100000,6.798131
170.200000,5.881749
170.300000,4.603621
170.400000,3.042658
170.500000,1.295150
170.600000,-0.531181
170.700000,-2.323816
170.800000,-3.972375
170.900000,-5.375408
171.000000,-6.446644
171.100000,-7.120292
171.200000,-7.355081
171.300000,-7.136788
171.400000,-6.479103
171.500000,-5.422763
171.600000,-4.033037
171.700000,-2.395687
171.800000,-0.611677
171.900000,1.209053
172.000000,2.954359
172.100000,4.516805
172.200000,5.800271
172.300000,6.725872
172.400000,7.236800
172.500000,7.301814
172.600000,6.917150
172.700000,6.106733
172.800000,4.920696
172.900000,3.432273
173.000000,1.733279
173.100000,-0.071554
173.200000,-1.871032
173.300000,-3.554352
173.400000,-5.017922
173.500000,-6.171737
173.600000,-6.944912
173.700000,-7.290041
173.800000,-7.186096
173.900000,-6.639716
174.000000,-5.684777
174.100000,-4.380294
174.200000,-2.806772
174.300000,-1.061242
174.400000,0.748728
174.500000,2.511657
174.600000,4.119023
174.700000,5.471934
174.800000,6.487223
174.900000,7.102552
175.000000,7.280242
175.100000,7.009580
175.200000,6.307464
175.300000,5.217348
175.400000,3.806552
175.500000,2.162106
175.600000,0.385378
175.700000,-1.414169
175.800000,-3.125726
175.900000,-4.643960
176.000000,-5.875495
176.100000,-6.744653
176.200000,-7.198108
176.300000,-7.208155
176.400000,-6.774402
176.500000,-5.923782
176.600000,-4.708878
176.700000,-3.204673
176.800000,-1.503924
176.900000,0.288560
177.000000,2.062377
177.100000,3.708329
177.200000,5.125149
177.300000,6.225724
177.400000,6.942458
177.500000,7.231419
177.600000,7.075034
177.700000,6.483155
177.800000,5.492439
177.900000,4.164078
178.000000,2.580020
178.100000,0.837912
178.200000,-0.954918
178.300000,-2.688073
178.400000,-4.254887
178.500000,-5.558987
178.600000,-6.520220
178.700000,-7.079584
178.800000,-7.202841
178.900000,-6.882621
179.000000,-6.138856
179.100000,-5.017541
179.200000,-3.587891
179.300000,-1.938067
179.400000,-0.169738
179.500000,1.608179
179.600000,3.286234
179.700000,4.761177
179.800000,5.942312
179.900000,6.757075
180.000000,7.155489
180.100000,7.113232
180.200000,6.633119
180.300000,5.744917
180.400000,4.503499
180.500000,2.985453
180.600000,1.284358
180.700000,-0.494985
180.800000,-2.243009
180.900000,-3.852130
181.000000,-5.223364
181.100000,-6.272419
181.200000,-6.934875
181.300000,-7.170140
181.400000,-6.963937
181.500000,-6.329168
181.600000,-5.305110
181.700000,-3.954982
181.800000,-2.362044
181.900000,-0.624460
182.000000,1.150748
182.100000,2.854294
182.200000,4.381355
182.300000,5.638020
182.400000,6.547067
182.500000,7.052705
182.600000,7.124001
182.700000,6.756769
182.800000,5.973818
182.900000,4.823532
183.000000,3.376882
183.100000,1.723048
183.200000,-0.036081
183.300000,-1.792184
183.400000,-3.437175
183.500000,-4.869857
183.600000,-6.002148
183.700000,-6.764495
183.800000,-7.110147
183.900000,-7.018021
184.000000,-6.493987
184.100000,-5.570494
184.200000,-4.304565
184.300000,-2.774267
184.400000,-1.073908
184.500000,0.691785
184.600000,2.414109
184.700000,3.987083
184.800000,5.313962
184.900000,6.313193
185.000000,6.923426
185.100000,7.107277
185.200000,6.853623
185.300000,6.178270
185.400000,5.122969
185.500000,3.752839
185.600000,2.152342
185.700000,0.420082
185.800000,-1.337273
185.900000,-3.011559
186.000000,-4.499769
186.100000,-5.710398
186.200000,-6.569060
186.300000,-7.023067
186.400000,-7.044653
186.500000,-6.632680
186.600000,-5.812690
186.700000,-4.635323
186.800000,-3.173193
186.900000,-1.516404
187.000000,0.232999
187.100000,1.967316
187.200000,3.579822
187.300000,4.971333
187.400000,6.056312
187.500000,6.768119
187.600000,7.063108
187.700000,6.923304
187.800000,6.357496
187.900000,5.400682
188.000000,4.111911
188.100000,2.570632
188.200000,0.871801
188.300000,-0.879972
188.400000,-2.576864
188.500000,-4.114474
188.600000,-5.398247
188.700000,-6.349287
188.800000,-6.909210
188.900000,-7.043720
189.000000,-6.744718
189.100000,-6.030781
189.200000,-4.946014
189.300000,-3.557325
189.400000,-1.950291
189.500000,-0.223895
189.600000,1.515580
189.700000,3.161087
189.800000,4.611407
189.900000,5.777374
190.000000,6.587354
190.100000,6.991648
190.200000,6.965543
190.300000,6.510817
190.400000,5.655626
190.500000,4.452752
190.600000,2.976353
190.700000,1.317388
190.800000,-0.421988
190.900000,-2.134713
191.000000,-3.715406
191.100000,-5.066856
191.200000,-6.105992
191.300000,-6.768996
191.400000,-7.015219
191.500000,-6.829674
191.600000,-6.223947
191.700000,-5.235473
191.800000,-3.925224
191.900000,-2.373947
192.000000,-0.677189
192.100000,1.060589
192.200000,2.732443
192.300000,4.235527
192.400000,5.477418
192.500000,6.381802
192.600000,6.893160
192.700000,6.980176
192.800000,6.637658
192.900000,5.886843
193.000000,4.774084
193.100000,3.367985
193.200000,1.755174
193.300000,0.034965
193.400000,-1.686759
193.500000,-3.304059
193.600000,-4.717464
193.700000,-5.840082
193.800000,-6.602948
193.900000,-6.959255
194.000000,-6.887231
194.100000,-6.391464
194.200000,-5.502613
194.300000,-4.275512
194.400000,-2.785784
194.500000,-1.125186
194.600000,0.604047
194.700000,2.295495
194.800000,3.845100
194.900000,5.157570
195.000000,6.152237
195.100000,6.768014
195.200000,6.967152
195.300000,6.737544
195.400000,6.093470
195.500000,5.074705
195.600000,3.744061
195.700000,2.183519
195.800000,0.489173
195.900000,-1.234683
196.000000,-2.881977
196.100000,-4.351384
196.200000,-5.552559
196.300000,-6.411692
196.400000,-6.876043
196.500000,-6.917177
196.600000,-6.532708
196.700000,-5.746438
196.800000,-4.606878
196.900000,-3.184260
197.000000,-1.566205
197.100000,0.147669
197.200000,1.851886
197.300000,3.441596
197.400000,4.819034
197.500000,5.899524
197.600000,6.616688
197.700000,6.926525
197.800000,6.810107
197.900000,6.274737
198.000000,5.353491
198.100000,4.103174
198.200000,2.600817
198.300000,0.938932
198.400000,-0.780184
198.500000,-2.450747
198.600000,-3.969996
198.700000,-5.244510
198.800000,-6.195956
198.900000,-6.765903
199.000000,-6.919408
199.100000,-6.647158
199.200000,-5.966039
199.300000,-4.918084
199.400000,-3.567881
199.500000,-1.998591
199.600000,-0.306830
199.700000,1.403285
199.800000,3.026538
199.900000,4.463091
200.000000,5.624624
200.100000,6.439761
200.200000,6.858461
200.300000,6.855086
200.400000,6.429973
200.500000,5.609403
200.600000,4.443979
200.700000,3.005502
200.800000,1.382551
200.900000,-0.324973
201.000000,-2.011998
201.100000,-3.574743
201.200000,-4.917104
201.300000,-5.956565
201.400000,-6.629266
201.500000,-6.893930
201.600000,-6.734397
201.700000,-6.160602
201.800000,-5.207969
201.900000,-3.935210
202.000000,-2.420720
202.100000,-0.757739
202.200000,0.951385
202.300000,2.601495
202.400000,4.091092
202.500000,5.328585
202.600000,6.237914
202.700000,6.763232
202.800000,6.872328
202.900000,6.558609
203.000000,5.841491
203.100000,4.765203
203.200000,3.396057
203.300000,1.818361
203.400000,0.129231
203.500000,-1.567389
203.600000,-3.167126
203.700000,-4.571590
203.800000,-5.694436
203.900000,-6.466663
204.000000,-6.840859
204.100000,-6.794112
204.200000,-6.329410
204.300000,-5.475452
204.400000,-4.284873
204.500000,-2.831006
204.600000,-1.203358
204.700000,0.497896
204.800000,2.168079
204.900000,3.704454
205.000000,5.012542
205.100000,6.011930
205.200000,6.641218
205.300000,6.861789
205.400000,6.660178
205.500000,6.048894
205.600000,5.065647
205.700000,3.771016
205.800000,2.244721
205.900000,0.580714
206.000000,-1.118607
206.100000,-2.748694
206.200000,-4.209288
206.300000,-5.410579
206.400000,-6.278730
206.500000,-6.760417
206.600000,-6.826102
206.700000,-6.471845
206.800000,-5.719540
206.900000,-4.615561
207.000000,-3.227906
207.100000,-1.642005
207.200000,0.044534
207.300000,1.727939
207.400000,3.304653
207.500000,4.677707
207.600000,5.762683
207.700000,6.492904
207.800000,6.823532
207.900000,6.734320
208.000000,6.230851
208.100000,5.344192
208.200000,4.128973
208.300000,2.660024
208.400000,1.027766
208.500000,-0.667353
208.600000,-2.321044
208.700000,-3.831587
208.800000,-5.106090
208.900000,-6.066204
209.000000,-6.652935
209.100000,-6.830272
209.200000,-6.587393
209.300000,-5.939331
209.400000,-4.926038
209.500000,-3.609927
209.600000,-2.072024
209.700000,-0.406980
209.800000,1.282750
209.900000,2.893218
210.000000,4.325369
210.100000,5.491143
210.200000,6.318880
210.300000,6.757732
210.400000,6.780781
210.500000,6.386696
210.600000,5.599802
210.700000,4.468587
210.800000,3.062705
210.900000,1.468696
211.000000,-0.215346
211.100000,-1.885809
211.200000,-3.439936
211.300000,-4.782148
211.400000,-5.829918
211.500000,-6.518850
211.600000,-6.806634
211.700000,-6.675642
211.800000,-6.134015
211.900000,-5.215147
212.000000,-3.975635
212.100000,-2.491789
212.200000,-0.854934
212.300000,0.834210
212.400000,2.471725
212.500000,3.956888
212.600000,5.198367
212.700000,6.119836
212.800000,6.664668
212.900000,6.799416
213.000000,6.515865
213.100000,5.831532
213.200000,4.788586
213.300000,3.451246
213.400000,1.901833
213.500000,0.235695
213.600000,-1.444654
213.700000,-3.035843
213.800000,-4.440007
213.900000,-5.570798
214.000000,-6.358703
214.100000,-6.755311
214.200000,-6.736290
214.300000,-6.302879
214.400000,-5.481811
214.500000,-4.323655
214.600000,-2.899714
214.700000,-1.297624
214.800000,0.384033
214.900000,2.041795
215.000000,3.573687
215.100000,4.885496
215.200000,5.896559
215.300000,6.544728
215.400000,6.790187
215.500000,6.617898
215.600000,6.038526
215.700000,5.087773
215.800000,3.824183
215.900000,2.325533
216.000000,0.684049
216.100000,-0.999269
216.200000,-2.620866
216.300000,-4.080996
216.400000,-5.289862
216.500000,-6.173138
216.600000,-6.676533
216.700000,-6.769138
216.800000,-6.445313
216.900000,-5.725040
217.000000,-4.652681
217.100000,-3.294255
217.200000,-1.733366
217.300000,-0.066061
217.400000,1.605078
217.500000,3.177249
217.600000,4.553752
217.700000,5.649936
217.800000,6.398406
217.900000,6.753165
218.000000,6.692441
218.100000,6.220026
218.200000,5.365033
218.300000,4.180110
218.400000,2.738189
218.500000,1.128007
218.600000,-0.551364
218.700000,-2.196605
218.800000,-3.706511
218.900000,-4.988214
219.000000,-5.962898
219.100000,-6.570640
219.200000,-6.774099
219.300000,-6.560807
219.400000,-5.943935
219.500000,-4.961479
219.600000,-3.673921
219.700000,-2.160501
219.800000,-0.514348
219.900000,1.163257
220.000000,2.769110
220.100000,4.204431
220.200000,5.380942
220.300000,6.226298
220.400000,6.688530
220.500000,6.739246
220.600000,6.375371
220.700000,5.619334
220.800000,4.517686
220.900000,3.138236
221.000000,1.565871
221.100000,-0.102658
221.200000,-1.764699
221.300000,-3.318008
221.400000,-4.667039
221.500000,-5.728825
221.600000,-6.438075
221.700000,-6.751192
221.800000,-6.648954
221.900000,-6.137691
222.000000,-5.248893
222.100000,-4.037275
222.200000,-2.577404
222.300000,-0.959110
222.400000,0.718035
222.500000,2.350853
222.600000,3.838898
222.700000,5.090643
222.800000,6.029102
222.900000,6.596571
223.000000,6.758173
223.100000,6.504002
223.200000,5.849731
223.300000,4.835642
223.400000,3.524154
223.500000,1.995970
223.600000,0.345123
223.700000,-1.326821
223.800000,-2.917002
223.900000,-4.327600
224.000000,-5.471852
224.100000,-6.279386
224.200000,-6.700547
224.300000,-6.709457
224.400000,-6.305599
224.500000,-5.513850
224.600000,-4.382945
224.700000,-2.982485
224.800000,-1.398643
224.900000,0.271129
225.000000,1.924102
225.100000,3.458585
225.200000,4.780185
225.300000,5.807613
225.400000,6.477681
225.500000,6.749191
225.600000,6.605465
225.700000,6.055373
225.800000,5.132783
225.900000,3.894478
226.000000,2.416659
226.100000,0.790256
226.200000,-0.884663
226.300000,-2.505054
226.400000,-3.971232
226.500000,-5.193005
226.600000,-6.095224
226.700000,-6.622400
226.800000,-6.742124
226.900000,-6.447052
227.000000,-5.755361
227.100000,-4.709626
227.200000,-3.374201
227.300000,-1.831259
227.400000,-0.175735
227.500000,1.490515
227.600000,3.064979
227.700000,4.450798
227.800000,5.562724
227.900000,6.332361
228.000000,6.712376
228.100000,6.679408
228.200000,6.235505
228.300000,5.407995
228.400000,4.247805
228.500000,2.826328
228.600000,1.231027
228.700000,-0.439942
228.800000,-2.083773
228.900000,-3.599336
229.000000,-4.893394
229.100000,-5.886339
229.200000,-6.517096
229.300000,-6.746872
229.400000,-6.561544
229.500000,-5.972531
229.600000,-5.016084
229.700000,-3.751059
229.800000,-2.255298
229.900000,-0.620831
230.000000,1.051778
230.100000,2.659623
230.200000,4.103784
230.300000,5.295416
230.400000,6.161212
230.500000,6.647915
230.600000,6.725590
230.700000,6.389470
230.800000,5.660246
230.900000,4.582793
231.000000,3.223410
231.100000,1.665739
231.200000,0.005621
231.300000,-1.654804
231.400000,-3.213377
231.500000,-4.574209
231.600000,-5.653580
231.700000,-6.385085
231.800000,-6.723726
231.900000,-6.648675
232.000000,-6.164557
232.100000,-5.301164
232.200000,-4.111624
232.300000,-2.669131
232.400000,-1.062437
232.500000,0.609600
232.600000,2.244106
232.700000,3.740515
232.800000,5.006762
232.900000,5.964940
233.000000,6.556101
233.100000,6.743875
233.200000,6.516714
233.300000,5.888597
233.400000,4.898174
233.500000,3.606386
233.600000,2.092715
233.700000,0.450295
233.800000,-1.219820
233.900000,-2.814872
234.000000,-4.236721
234.100000,-5.397885
234.200000,-6.226921
234.300000,-6.672821
234.400000,-6.708149
234.500000,-6.330734
234.600000,-5.563795
234.700000,-4.454523
234.800000,-3.071168
234.900000,-1.498846
235.000000,0.165701
235.100000,1.820056
235.200000,3.362428
235.300000,4.697915
235.400000,5.744347
235.500000,6.437334
235.600000,6.734237
235.700000,6.616783
235.800000,6.092197
235.900000,5.192753
236.000000,3.973791
236.100000,2.510310
236.200000,0.892355
236.300000,-0.780523
236.400000,-2.405391
236.500000,-3.882271
236.600000,-5.120287
236.700000,-6.043261
236.800000,-6.594398
236.900000,-6.739780
237.000000,-6.470457
237.100000,-5.802992
237.200000,-4.778450
237.300000,-3.459865
237.400000,-1.928368
237.500000,-0.278189
237.600000,1.389137
237.700000,2.971015
237.800000,4.370110
237.900000,5.500328
238.000000,6.292120
238.100000,6.696757
238.200000,6.689333
238.300000,6.270295
238.400000,5.465418
238.500000,4.324219
238.600000,2.916911
238.700000,1.330083
238.800000,-0.338629
238.900000,-1.986545
239.000000,-3.512264
239.100000,-4.821900
239.200000,-5.834861
239.300000,-6.488808
239.400000,-6.743490
239.500000,-6.583224
239.600000,-6.017859
239.700000,-5.082173
239.800000,-3.833729
239.900000,-2.349341
240.000000,-0.720340
240.100000,0.953039
240.200000,2.567826
240.300000,4.024655
240.400000,5.233874
240.500000,6.121066
240.600000,6.631626
240.700000,6.734123
240.800000,6.422236
240.900000,5.715139
241.000000,4.656331
241.100000,3.310952
241.200000,1.761779
241.300000,0.104133
241.400000,-1.559984
241.500000,-3.128171
241.600000,-4.503923
241.700000,-5.602574
241.800000,-6.356504
241.900000,-6.719307
242.000000,-6.668638
242.100000,-6.207597
242.200000,-5.364539
242.300000,-4.191324
242.400000,-2.760134
242.500000,-1.159028
242.600000,0.513473
242.700000,2.154452
242.800000,3.662926
242.900000,4.946060
243.000000,5.924882
243.100000,6.539143
243.200000,6.751024
243.300000,6.547467
243.400000,5.940978
243.500000,4.968858
243.600000,3.690911
243.700000,2.185764
243.800000,0.546032
243.900000,-1.127388
244.000000,-2.731514
244.100000,-4.167629
244.200000,-5.347344
244.300000,-6.198048
244.400000,-6.667370
244.500000,-6.726407
244.600000,-6.371503
244.700000,-5.624476
244.800000,-4.531275
244.900000,-3.159156
245.000000,-1.592543
245.100000,0.072166
245.200000,1.732528
245.300000,3.286365
245.400000,4.638046
245.500000,5.704375
245.600000,6.419712
245.700000,6.740013
245.800000,6.645542
245.900000,6.142087
246.000000,5.260606
246.100000,4.055323
246.200000,2.600392
246.300000,0.985337
246.400000,-0.690459
246.500000,-2.323868
246.600000,-3.814364
246.700000,-5.070209
246.800000,-6.014100
246.900000,-6.587926
247.000000,-6.756349
247.100000,-6.508975
247.200000,-5.861001
247.300000,-4.852278
247.400000,-3.544861
247.500000,-2.019192
247.600000,-0.369151
247.700000,1.303721
247.800000,2.896472
247.900000,4.311071
248.000000,5.460447
248.100000,6.273843
248.200000,6.701175
248.300000,6.716115
248.400000,6.317715
248.500000,5.530463
248.600000,4.402782
248.700000,3.004049
248.800000,1.420331
248.900000,-0.250919
249.000000,-1.906847
249.100000,-3.445540
249.200000,-4.772288
249.300000,-5.805420
249.400000,-6.481329
249.500000,-6.758388
249.600000,-6.619514
249.700000,-6.073222
249.800000,-5.153102
249.900000,-3.915756
250.000000,-2.437313
250.100000,-0.808746
250.200000,0.869724
250.300000,2.494796
250.400000,3.966448
250.500000,5.194091
250.600000,6.102148
250.700000,6.634705
250.800000,6.758953
250.900000,6.467211
251.000000,5.777402
251.100000,4.731949
251.200000,3.395167
251.300000,1.849309
251.400000,0.189501
251.500000,-1.482106
251.600000,-3.062630
251.700000,-4.454784
251.800000,-5.572867
251.900000,-6.348038
252.000000,-6.732557
252.100000,-6.702724
252.200000,-6.260339
252.300000,-5.432594
252.400000,-4.270405
252.500000,-2.845272
252.600000,-1.244890
252.700000,0.432253
252.800000,2.082936
252.900000,3.605558
253.000000,4.906389
253.100000,5.905342
253.200000,6.540905
253.300000,6.773926
253.400000,6.590025
253.500000,6.000485
253.600000,5.041554
253.700000,3.772223
253.800000,2.270592
253.900000,0.629067
254.000000,-1.051327
254.100000,-2.667162
254.200000,-4.118975
254.300000,-5.317389
254.400000,-6.188616
254.500000,-6.678999
254.600000,-6.758318
254.700000,-6.421652
254.800000,-5.689684
254.900000,-4.607432
255.000000,-3.241478
255.100000,-1.675873
255.200000,-0.006965
255.300000,1.662529
255.400000,3.229846
255.500000,4.598504
255.600000,5.684236
255.700000,6.420184
255.800000,6.761016
255.900000,6.685711
256.000000,6.198866
256.100000,5.330407
256.200000,4.133753
256.300000,2.682531
256.400000,1.066046
256.500000,-0.616217
256.600000,-2.260713
256.700000,-3.766211
256.800000,-5.040028
256.900000,-6.003730
257.000000,-6.597964
257.100000,-6.786115
257.200000,-6.556561
257.300000,-5.923390
257.400000,-4.925535
257.500000,-3.624384
257.600000,-2.100000
257.700000,-0.446193
257.800000,1.235245
257.900000,2.840816
258.000000,4.271678
258.100000,5.439735
258.200000,6.273056
258.300000,6.720312
258.400000,6.753930
258.500000,6.371797
258.600000,5.597394
258.700000,4.478349
258.800000,3.083513
258.900000,1.498718
259.000000,-0.178499
259.100000,-1.844902
259.200000,-3.397909
259.300000,-4.741908
259.400000,-5.794143
259.500000,-6.489809
259.600000,-6.786044
259.700000,-6.664570
259.800000,-6.132819
259.900000,-5.223482
260.000000,-3.992497
260.100000,-2.515605
260.200000,-0.883699
260.300000,0.802782
260.400000,2.440022
260.500000,3.927230
260.600000,5.172837
260.700000,6.100137
260.800000,6.652012
260.900000,6.794447
261.000000,6.518628
261.100000,5.841490
261.200000,4.804674
261.300000,3.471966
261.400000,1.925377
261.500000,0.260092
261.600000,-1.421385
261.700000,-3.015543
261.800000,-4.424234
261.900000,-5.560717
262.000000,-6.354997
262.100000,-6.758141
262.200000,-6.745286
262.300000,-6.317176
262.400000,-5.500122
262.500000,-4.344378
262.600000,-2.921057
262.700000,-1.317752
262.800000,0.366855
262.900000,2.029065
263.000000,3.566544
263.100000,4.884627
263.200000,5.902145
263.300000,6.556422
263.400000,6.807138
263.500000,6.638812
263.600000,6.061759
263.700000,5.111458
263.800000,3.846370
263.900000,2.344343
264.000000,0.697821
264.100000,-0.991848
264.200000,-2.620646
264.300000,-4.088289
264.400000,-5.304405
264.500000,-6.194096
264.600000,-6.702551
264.700000,-6.798423
264.800000,-6.475762
264.900000,-5.754385
265.000000,-4.678656
265.100000,-3.314762
265.200000,-1.746638
265.300000,-0.070803
265.400000,1.609584
265.500000,3.191067
265.600000,4.576272
265.700000,5.679893
265.800000,6.433953
265.900000,6.791987
266.000000,6.731904
266.100000,6.257356
266.200000,5.397511
266.300000,4.205259
266.400000,2.753966
266.500000,1.132952
266.600000,-0.558001
266.700000,-2.214797
266.800000,-3.735426
266.900000,-5.026252
267.000000,-6.007775
267.100000,-6.619528
267.200000,-6.823805
267.300000,-6.607979
267.400000,-5.985290
267.500000,-4.994025
267.600000,-3.695173
267.700000,-2.168664
267.800000,-0.508455
267.900000,1.183252
268.000000,2.802308
268.100000,4.249019
268.200000,5.434293
268.300000,6.285124
268.400000,6.749086
268.500000,6.797568
268.600000,6.427536
268.700000,5.661721
268.800000,4.547227
268.900000,3.152632
269.000000,1.563765
269.100000,-0.121570
269.200000,-1.799619
269.300000,-3.367064
269.400000,-4.727384
269.500000,-5.796800
269.600000,-6.509432
269.700000,-6.821361
269.800000,-6.713332
269.900000,-6.191947
270.000000,-5.289257
270.100000,-4.060797
270.200000,-2.582163
270.300000,-0.944367
270.400000,0.751770
270.500000,2.401822
270.600000,3.904186
270.700000,5.166344
270.800000,6.110552
270.900000,6.678636
271.000000,6.835573
271.100000,6.571649
271.200000,5.903064
271.300000,4.870935
271.400000,3.538769
271.500000,1.988553
271.600000,0.315711
271.700000,-1.376770
271.800000,-2.984682
271.900000,-4.409012
272.000000,-5.562037
272.100000,-6.372730
272.200000,-6.791132
272.300000,-6.791432
272.400000,-6.373562
272.500000,-5.563200
272.600000,-4.410195
272.700000,-2.985501
272.800000,-1.376806
272.900000,0.316857
273.000000,1.991213
273.100000,3.543164
273.200000,4.877134
273.300000,5.910960
273.400000,6.580946
273.500000,6.845796
273.600000,6.689151
273.700000,6.120605
273.800000,5.175116
273.900000,3.910857
274.000000,2.405634
274.100000,0.752103
274.200000,-0.947938
274.300000,-2.589814
274.400000,-4.072420
274.500000,-5.304443
274.600000,-6.209992
274.700000,-6.733265
274.800000,-6.841996
274.900000,-6.529438
275.000000,-5.814787
275.100000,-4.741997
275.200000,-3.377085
275.300000,-1.804059
275.400000,-0.119757
275.500000,1.572123
275.600000,3.167402
275.700000,4.567834
275.800000,5.687164
275.900000,6.456431
276.000000,6.828224
276.100000,6.779600
276.200000,6.313502
276.300000,5.458579
276.400000,4.267429
276.500000,2.813358
276.600000,1.185872
276.700000,-0.514834
276.800000,-2.184042
276.900000,-3.718964
277.000000,-5.025064
277.100000,-6.021889
277.200000,-6.648017
277.300000,-6.864848
277.400000,-6.658979
277.500000,-6.043037
277.600000,-5.054899
277.700000,-3.755368
277.800000,-2.224431
277.900000,-0.556331
278.000000,1.146228
278.100000,2.778408
278.200000,4.239694
278.300000,5.440078
278.400000,6.305611
278.500000,6.782953
278.600000,6.842661
278.700000,6.481009
278.800000,5.720216
278.900000,4.607082
279.000000,3.210110
279.100000,1.615293
279.200000,-0.079186
279.300000,-1.768991
279.400000,-3.350065
279.500000,-4.725031
279.600000,-5.809193
279.700000,-6.535752
279.800000,-6.859922
279.900000,-6.761694
280.000000,-6.247063
280.100000,-5.347672
280.200000,-4.118858
280.300000,-2.636254
280.400000,-0.991129
280.500000,0.715228
280.600000,2.377744
280.700000,3.894034
280.800000,5.170705
280.900000,6.129108
281.000000,6.710185
281.100000,6.878107
281.200000,6.622483
281.300000,5.959002
281.400000,4.928476
281.500000,3.594321
281.600000,2.038661
281.700000,0.357271
281.800000,-1.346321
281.900000,-2.967206
282.000000,-4.405556
282.100000,-5.572770
282.200000,-6.396937
282.300000,-6.827261
282.400000,-6.837193
282.500000,-6.426072
282.600000,-5.619165
282.700000,-4.466117
282.800000,-3.037895
282.900000,-1.422419
283.000000,0.280844
283.100000,1.967013
283.200000,3.532246
283.300000,4.880135
283.400000,5.927646
283.500000,6.610234
283.600000,6.885818
283.700000,6.737378
283.800000,6.174006
283.900000,5.230346
284.000000,3.964469
284.100000,2.454294
284.200000,0.792795
284.300000,-0.917722
284.400000,-2.571922
284.500000,-4.067925
284.600000,-5.313582
284.700000,-6.232148
284.800000,-6.767015
284.900000,-6.885198
285.000000,-6.579370
285.100000,-5.868315
285.200000,-4.795775
285.300000,-3.427761
285.400000,-1.848488
285.500000,-0.155191
285.600000,1.547861
285.700000,3.155784
285.800000,4.569542
285.900000,5.702046
286.000000,6.483516
286.100000,6.865782
286.200000,6.825257
286.300000,6.364386
286.400000,5.511503
286.500000,4.319089
286.600000,2.860541
286.700000,1.225654
286.800000,-0.484905
286.900000,-2.165797
287.000000,-3.713499
287.100000,-5.032675
287.200000,-6.042057
287.300000,-6.679443
287.400000,-6.905536
287.500000,-6.706363
287.600000,-6.094141
287.700000,-5.106529
287.800000,-3.804306
287.900000,-2.267638
288.000000,-0.591137
288.100000,1.121962
288.200000,2.766157
288.300000,4.240178
288.400000,5.453223
288.500000,6.330554
288.600000,6.818099
288.700000,6.885786
288.800000,6.529400
288.900000,5.770839
289.000000,4.656778
289.100000,3.255788
289.200000,1.654122
289.300000,-0.049599
289.400000,-1.750458
289.500000,-3.343699
289.600000,-4.731185
289.700000,-5.827440
289.800000,-6.564912
289.900000,-6.898142
290.000000,-6.806561
290.100000,-6.295760
290.200000,-5.397152
290.300000,-4.166038
290.400000,-2.678204
290.500000,-1.025257
290.600000,0.691020
290.700000,2.364927
290.800000,3.893365
290.900000,5.182182
291.000000,6.151974
291.100000,6.742974
291.200000,6.918741
291.300000,6.668404
291.400000,6.007333
291.500000,4.976198
291.600000,3.638466
291.700000,2.076493
291.800000,0.386458
291.900000,-1.327565
292.000000,-2.960010
292.100000,-4.410325
292.200000,-5.589165
292.300000,-6.423894
292.400000,-6.863063
292.500000,-6.879579
292.600000,-6.472379
292.700000,-5.666496
292.800000,-4.511521
292.900000,-3.078553
293.000000,-1.455819
293.100000,0.256756
293.200000,1.953701
293.300000,3.530499
293.400000,4.890018
293.500000,5.948501
293.600000,6.640722
293.700000,6.924005
293.800000,6.780859
293.900000,6.220054
294.000000,5.276086
294.100000,4.007055
294.200000,2.491087
294.300000,0.821527
294.400000,-0.898809
294.500000,-2.563969
294.600000,-4.071385
294.700000,-5.328196
294.800000,-6.256964
294.900000,-6.800451
295.000000,-6.925140
295.100000,-6.623307
295.200000,-5.913497
295.300000,-4.839386
295.400000,-3.467093
295.500000,-1.881109
295.600000,-0.179097
295.700000,1.534124
295.800000,3.153032
295.900000,4.577905
296.000000,5.720960
296.100000,6.511763
296.200000,6.901569
296.300000,6.866328
296.400000,6.408164
296.500000,5.555254
296.600000,4.360090
296.700000,2.896252
296.800000,1.253873
296.900000,-0.465905
297.000000,-2.157162
297.100000,-3.715725
297.200000,-5.045583
297.300000,-6.064800
297.400000,-6.710569
297.500000,-6.943074
297.600000,-6.747953
297.700000,-6.137180
297.800000,-5.148332
297.900000,-3.842278
298.000000,-2.299431
298.100000,-0.614798
298.200000,1.107873
298.300000,2.762479
298.400000,4.247097
298.500000,5.470268
298.600000,6.356624
298.700000,6.851535
298.800000,6.924480
298.900000,6.570922
299.000000,5.812597
299.100000,4.696171
299.200000,3.290376
299.300000,1.681772
299.400000,-0.030579
299.500000,-1.741215
299.600000,-3.344770
299.700000,-4.742462
299.800000,-5.848179
299.900000,-6.593785
300.000000,-6.933320
300.100000,-6.845829
300.200000,-6.336660
300.300000,-5.437133
300.400000,-4.202618
300.500000,-2.709120
300.600000,-1.048609
300.700000,0.676651
300.800000,2.360400
300.900000,3.898921
301.000000,5.197433
301.100000,6.175931
301.200000,6.774112
301.300000,6.955094
301.400000,6.707689
301.500000,6.047095
301.600000,5.013961
301.700000,3.671890
301.800000,2.103518
301.900000,0.405430
302.000000,-1.317792
302.100000,-2.960006
302.200000,-4.420049
302.300000,-5.607971
302.400000,-6.450575
302.500000,-6.895926
302.600000,-6.916555
302.700000,-6.511150
302.800000,-5.704645
302.900000,-4.546678
303.000000,-3.108544
303.100000,-1.478801
303.200000,0.242181
303.300000,1.948405
303.400000,3.534771
303.500000,4.903552
303.600000,5.970415
303.700000,6.669617
303.800000,6.958056
303.900000,6.817926
304.000000,6.257819
304.100000,5.312199
304.200000,4.039277
304.300000,2.517431
304.400000,0.840382
304.500000,-0.888584
304.600000,-2.562971
304.700000,-4.079637
304.800000,-5.345144
304.900000,-6.281517
305.000000,-6.831049
305.100000,-6.959854
305.200000,-6.659961
305.300000,-5.949804
305.400000,-4.873091
305.500000,-3.496112
305.600000,-1.903658
305.700000,-0.193804
305.800000,1.528139
305.900000,3.156103
306.000000,4.589800
306.100000,5.740901
306.200000,6.538474
306.300000,6.933360
306.400000,6.901200
306.500000,6.443936
306.600000,5.589699
306.700000,4.391073
306.800000,2.921861
306.900000,1.272542
307.000000,-0.455304
307.100000,-2.155253
307.200000,-3.722587
307.300000,-5.060749
307.400000,-6.087291
307.500000,-6.738953
307.600000,-6.975561
307.700000,-6.782504
307.800000,-6.171639
307.900000,-5.180559
308.000000,-3.870280
308.100000,-2.321487
308.200000,-0.629564
308.300000,1.101280
308.400000,2.764431
308.500000,4.257435
308.600000,5.488309
308.700000,6.381211
308.800000,6.881111
308.900000,6.957184
309.000000,6.604707
309.100000,5.845358
309.200000,4.725878
309.300000,3.315197
309.400000,1.700189
309.500000,-0.019682
309.600000,-1.738479
309.700000,-3.350326
309.800000,-4.755926
309.900000,-5.868677
310.000000,-6.620011
310.100000,-6.963617
310.200000,-6.878295
310.300000,-6.369268
310.400000,-5.467858
310.500000,-4.229558
310.600000,-2.730621
310.700000,-1.063361
310.800000,0.669533
310.900000,2.361320
311.000000,3.907783
311.100000,5.213650
311.200000,6.198459
311.300000,6.801521
311.400000,6.985658
311.500000,6.739494
311.600000,6.078160
311.700000,5.042360
311.800000,3.695872
311.900000,2.121615
312.000000,0.416546
312.100000,-1.314312
312.200000,-2.964341
312.300000,-4.431891
312.400000,-5.626548
312.500000,-6.474700
312.600000,-6.924073
312.700000,-6.946956
312.800000,-6.541907
312.900000,-5.733844
313.000000,-4.572515
313.100000,-3.129432
313.200000,-1.493467
313.300000,0.234618
313.400000,1.948377
313.500000,3.542243
313.600000,4.918022
313.700000,5.990949
313.800000,6.694910
313.900000,6.986513
314.000000,6.847764
314.100000,6.287179
314.200000,5.339259
314.300000,4.062369
314.400000,2.535143
314.500000,0.851640
314.600000,-0.884444
314.700000,-2.566171
314.800000,-4.089940
314.900000,-5.361873
315.000000,-6.303602
315.100000,-6.857090
315.200000,-6.988214
315.300000,-6.688868
315.400000,-5.977461
315.500000,-4.897786
315.600000,-3.516329
315.700000,-1.918165
315.800000,-0.201730
315.900000,1.527250
316.000000,3.162270
316.100000,4.602604
316.200000,5.759511
316.300000,6.561705
316.400000,6.959745
316.500000,6.929085
316.600000,6.471582
316.700000,5.615392
316.800000,4.413228
316.900000,2.939124
317.000000,1.283866
317.100000,-0.450590
317.200000,-2.157405
317.300000,-3.731435
317.400000,-5.075708
317.500000,-6.107399
317.600000,-6.762935
317.700000,-7.001907
317.800000,-6.809567
317.900000,-6.197736
318.000000,-5.204075
318.100000,-3.889771
318.200000,-2.335765
318.300000,-0.637772
318.400000,1.099618
318.500000,2.769381
318.600000,4.268654
318.700000,5.505066
318.800000,6.402437
318.900000,6.905463
319.000000,6.983134
319.100000,6.630637
319.200000,5.869658
319.300000,4.747051
319.400000,3.331948
319.500000,1.711501
319.600000,-0.014477
319.700000,-1.739671
319.800000,-3.357805
319.900000,-4.769192
320.000000,-5.886874
320.100000,-6.641983
320.200000,-6.987979
320.300000,-6.903523
320.400000,-6.393792
320.500000,-5.490160
320.600000,-4.248269
320.700000,-2.744602
320.800000,-1.071771
320.900000,0.667183
321.000000,2.365141
321.100000,3.917502
321.200000,5.228629
321.300000,6.217740
321.400000,6.823882
321.500000,7.009695
321.600000,6.763707
321.700000,6.101046
321.800000,5.062508
321.900000,3.712049
322.000000,2.132842
322.100000,0.422156
322.200000,-1.314633
322.300000,-2.970538
322.400000,-4.443546
322.500000,-5.642904
322.600000,-6.494715
322.700000,-6.946485
322.800000,-6.970361
322.900000,-6.564848
323.000000,-5.754903
323.100000,-4.590397
323.200000,-3.143047
323.300000,-1.501998
323.400000,0.231668
323.500000,1.951158
323.600000,3.550546
323.700000,4.931299
323.800000,6.008348
323.900000,6.715326
324.000000,7.008661
324.100000,6.870262
324.200000,6.308631
324.300000,5.358342
324.400000,4.077915
324.500000,2.546211
324.600000,0.857572
324.700000,-0.883984
324.800000,-2.571176
324.900000,-4.100065
325.000000,-5.376459
325.100000,-6.321716
325.200000,-6.877589
325.300000,-7.009812
325.400000,-6.710220
325.500000,-5.997246
325.600000,-4.914789
325.700000,-3.529513
325.800000,-1.926740
325.900000,-0.205193
326.000000,1.529080
326.100000,3.169245
326.200000,4.614258
326.300000,5.775093
326.400000,6.580223
326.500000,6.980034
326.600000,6.949875
326.700000,6.491584
326.800000,5.633372
326.900000,4.428086
327.000000,2.949960
327.100000,1.290037
327.200000,-0.449436
327.300000,-2.161306
327.400000,-3.740115
327.500000,-5.088597
327.600000,-6.123672
327.700000,-6.781561
327.800000,-7.021717
327.900000,-6.829327
328.000000,-6.216222
328.100000,-5.220152
328.200000,-3.902460
328.300000,-2.344305
328.400000,-0.641662
328.500000,1.100587
328.600000,2.775116
328.700000,4.278766
328.800000,5.518900
328.900000,6.419109
329.000000,6.923924
329.100000,7.002227
329.200000,6.649176
329.300000,5.886502
329.400000,4.761168
329.500000,3.342483
329.600000,1.717829
329.700000,-0.012719
329.800000,-1.742558
329.900000,-3.365126
330.000000,-4.780461
330.100000,-5.901367
330.200000,-6.658780
330.300000,-7.006024
330.400000,-6.921691
330.500000,-6.410959
330.600000,-5.505270
330.700000,-4.260404
330.800000,-2.753032
330.900000,-1.076002
331.000000,0.667381
331.100000,2.369724
331.200000,3.926154
331.300000,5.240785
331.400000,6.232621
331.500000,6.840549
331.600000,7.027104
331.700000,6.780775
331.800000,6.116721
331.900000,5.075832
332.000000,3.722216
332.100000,2.139247
332.200000,0.424431
332.300000,-1.316597
332.400000,-2.976586
332.500000,-4.453273
332.600000,-5.655682
332.700000,-6.509730
332.800000,-6.962792
332.900000,-6.986942
333.000000,-6.580676
333.100000,-5.769006
333.200000,-4.601917
333.300000,-3.151293
333.400000,-1.506486
333.500000,0.231186
333.600000,1.954680
333.700000,3.557822
333.800000,4.941850
333.900000,6.021496
334.000000,6.730238
334.100000,7.024403
334.200000,6.885854
334.300000,6.323111
334.400000,5.370825
334.500000,4.087647
334.600000,2.552613
334.700000,0.860276
334.800000,-0.885114
334.900000,-2.576040
335.000000,-4.108331
335.100000,-5.387589
335.200000,-6.334999
335.300000,-6.892187
335.400000,-7.024813
335.500000,-6.724695
335.600000,-6.010305
335.700000,-4.925639
335.800000,-3.537503
335.900000,-1.931401
336.000000,-0.206266
336.100000,1.531631
336.200000,3.175231
336.300000,4.623281
336.400000,5.786568
336.500000,6.593424
336.600000,6.994130
336.700000,6.963989
336.800000,6.504846
336.900000,5.644970
337.000000,4.437321
337.100000,2.956283
337.200000,1.293083
337.300000,-0.449824
337.400000,-2.165075
337.500000,-3.747001
337.600000,-5.098149
337.700000,-6.135277
337.800000,-6.794484
337.900000,-7.035150
338.000000,-6.842438
338.100000,-6.228206
338.200000,-5.230281
338.300000,-3.910126
338.400000,-2.349058
338.500000,-0.643238
338.600000,1.102257
338.700000,2.779898
338.800000,4.286337
338.900000,5.528767
339.000000,6.430643
339.100000,6.936398
339.200000,7.014865
339.300000,6.661199
339.400000,5.897174
339.500000,4.769846
339.600000,3.348651
339.700000,1.721133
339.800000,-0.012455
339.900000,-1.745322
340.000000,-3.370716
340.100000,-4.788508
340.200000,-5.911350
340.300000,-6.670065
340.400000,-7.017905
340.500000,-6.933432
340.600000,-6.421837
340.700000,-5.514627
340.800000,-4.267678
340.900000,-2.757797
341.000000,-1.077992
341.100000,0.668261
341.200000,2.373390
341.300000,3.932353
341.400000,5.249109
341.500000,6.242537
341.600000,6.851432
341.700000,7.038273
341.800000,6.791543
341.900000,6.126429
342.000000,5.083896
342.100000,3.728157
342.200000,2.142724
342.300000,0.425257
342.400000,-1.318445
342.500000,-2.980966
342.600000,-4.459889
342.700000,-5.664102
342.800000,-6.519419
342.900000,-6.973140
343.000000,-6.997308
343.100000,-6.590424
343.200000,-5.777544
343.300000,-4.608736
343.400000,-3.155993
343.500000,-1.508803
343.600000,0.231367
343.700000,1.957319
343.800000,3.562731
343.900000,4.948701
344.000000,6.029847
344.100000,6.739560
344.200000,7.034113
344.300000,6.895354
344.400000,6.331821
344.500000,5.378221
344.600000,4.093291
344.700000,2.556181
344.800000,0.861575
344.900000,-0.886138
345.000000,-2.579295
345.100000,-4.113592
345.200000,-5.394509
345.300000,-6.343135
345.400000,-6.901026
345.500000,-7.033807
345.600000,-6.733291
345.700000,-6.017983
345.800000,-4.931942
345.900000,-3.542062
346.000000,-1.933960
346.100000,-0.206695
346.200000,1.533333
346.300000,3.178932
346.400000,4.628729
346.500000,5.793409
346.600000,6.601221
346.700000,7.002395
346.800000,6.972213
346.900000,6.512527
347.000000,5.651648
347.100000,4.442601
347.200000,2.959862
347.300000,1.294767
347.400000,-0.450114
347.500000,-2.167292
347.600000,-3.750986
347.700000,-5.103634
347.800000,-6.141907
347.900000,-6.801841
348.000000,-7.042776
348.100000,-6.849865
348.200000,-6.234985
348.300000,-5.236009
348.400000,-3.914471
348.500000,-2.351776
348.600000,-0.644185
348.700000,1.103111
348.800000,2.782475
348.900000,4.290456
349.000000,5.534155
349.100000,6.436955
349.200000,6.943237
349.300000,7.021809
349.400000,6.667825
349.500000,5.903086
349.600000,4.774697
349.700000,3.352164
349.800000,1.723114
349.900000,-0.012100
350.000000,-1.746590
350.100000,-3.373506
350.200000,-4.792625
350.300000,-5.916526
350.400000,-6.675971
350.500000,-7.024172
350.600000,-6.939676
350.700000,-6.427682
350.800000,-5.519727
350.900000,-4.271738
351.000000,-2.760590
351.100000,-1.079370
351.200000,0.668357
351.300000,2.374930
351.400000,3.935219
351.500000,5.253107
351.600000,6.247407
351.700000,6.856866
351.800000,7.043937
351.900000,6.797092
352.000000,6.131533
352.100000,5.088257
352.200000,3.731527
352.300000,2.144918
352.400000,0.426166
352.500000,-1.318852
352.600000,-2.982642
352.700000,-4.462709
352.800000,-5.667879
352.900000,-6.523908
353.000000,-6.978062
353.100000,-7.002360
353.200000,-6.595304
353.300000,-5.781965
353.400000,-4.612444
353.500000,-3.158782
353.600000,-1.510525
353.700000,0.230794
353.800000,1.957906
353.900000,3.564420
354.000000,4.951371
354.100000,6.033321
354.200000,6.743616
354.300000,7.038501
354.400000,6.899808
354.500000,6.336077
354.600000,5.382034
354.700000,4.096446
354.800000,2.558505
354.900000,0.862950
355.000000,-0.885773
355.100000,-2.579939
355.200000,-4.115187
355.300000,-5.396942
355.400000,-6.346246
355.500000,-6.904619
355.600000,-7.037662
355.700000,-6.737180
355.800000,-6.021679
355.900000,-4.935234
356.000000,-3.544770
356.100000,-1.935939
356.200000,-0.207847
356.300000,1.533054
356.400000,3.179524
356.500000,4.630139
356.600000,5.795537
356.700000,6.603929
356.800000,7.005516
356.900000,6.975558
357.000000,6.515901
357.100000,5.654858
357.200000,4.445470
357.300000,2.962234
357.400000,1.296520
357.500000,-0.449065
357.600000,-2.166990
357.700000,-3.751431
357.800000,-5.104784
357.900000,-6.143682
358.000000,-6.804127
358.100000,-7.045434
358.200000,-6.852739
358.300000,-6.237911
358.400000,-5.238824
358.500000,-3.917022
358.600000,-2.353927
358.700000,-0.645829
358.800000,1.102054
358.900000,2.782052
359.000000,4.290674
359.100000,5.534990
359.200000,6.438348
359.300000,6.945102
359.400000,7.024035
359.500000,6.670286
359.600000,5.905644
359.700000,4.777213
359.800000,3.354505
359.900000,1.725159
360.000000,-0.010456
360.100000,-1.745426
360.200000,-3.372876
360.300000,-4.792555
360.400000,-5.917010
360.500000,-6.676975
360.600000,-7.025636
360.700000,-6.941517
360.800000,-6.429800
360.900000,-5.522007
361.000000,-4.274060
361.100000,-2.762832
361.200000,-1.081417
361.300000,0.666610
361.400000,2.373571
361.500000,3.934316
361.600000,5.252704
361.700000,6.247523
361.800000,6.857492
361.900000,7.045039
362.000000,6.798612
362.100000,6.133392
362.200000,5.090357
362.300000,3.733761
362.400000,2.147169
362.500000,0.428318
362.600000,-1.316913
362.700000,-2.981016
362.800000,-4.461484
362.900000,-5.667120
363.000000,-6.523659
363.100000,-6.978340
363.200000,-7.003155
363.300000,-6.596579
363.400000,-5.783657
363.500000,-4.614468
363.600000,-3.161034
363.700000,-1.512888
363.800000,0.228444
363.900000,1.955696
364.000000,3.562471
364.100000,4.949791
364.200000,6.032201
364.300000,6.743025
364.400000,7.038479
364.500000,6.900365
364.600000,6.337194
364.700000,5.383658
364.800000,4.098498
364.900000,2.560879
365.000000,0.865521
365.100000,-0.883143
365.200000,-2.577397
365.300000,-4.112875
365.400000,-5.394994
365.500000,-6.344778
365.600000,-6.903723
365.700000,-7.037401
365.800000,-6.737580
365.900000,-6.022732
366.000000,-4.936893
366.100000,-3.546954
366.200000,-1.938534
366.300000,-0.210713
366.400000,1.530076
366.500000,3.176602
366.600000,4.627442
366.700000,5.793225
366.800000,6.602144
366.900000,7.004371
367.000000,6.975134
367.100000,6.516237
367.200000,5.655950
367.300000,4.447269
367.400000,2.964651
367.500000,1.299425
367.600000,-0.445831
367.700000,-2.163611
367.800000,-3.748101
367.900000,-5.101701
368.000000,-6.141031
368.100000,-6.802073
368.200000,-7.044111
368.300000,-6.852239
368.400000,-6.238280
368.500000,-5.240057
368.600000,-3.919062
368.700000,-2.356670
368.800000,-0.649124
368.900000,1.098392
369.000000,2.778234
369.100000,4.286925
369.200000,5.531535
369.300000,6.435399
369.400000,6.942844
369.500000,7.022616
369.600000,6.669806
369.700000,5.906150
369.800000,4.778691
369.900000,3.356884
370.000000,1.728313
370.100000,-0.006704
370.200000,-1.741291
370.300000,-3.368601
370.400000,-4.788394
370.500000,-5.913216
370.600000,-6.673784
370.700000,-7.023251
370.800000,-6.940095
370.900000,-6.429443
371.000000,-5.522754
371.100000,-4.275884
371.200000,-2.765641
371.300000,-1.085056
371.400000,0.662349
371.500000,2.368935
371.600000,3.929582
371.700000,5.248157
371.800000,6.243442
371.900000,6.854132
372.000000,7.042616
372.100000,6.797287
372.200000,6.133263
372.300000,5.091450
372.400000,3.736027
372.500000,2.150488
372.600000,0.432502
372.700000,-1.312105
372.800000,-2.975869
372.900000,-4.456306
373.000000,-5.662228
373.100000,-6.519355
373.200000,-6.974896
373.300000,-7.000793
373.400000,-6.595458
373.500000,-5.783863
373.600000,-4.616006
373.700000,-3.163829
373.800000,-1.516786
373.900000,0.223667
374.000000,1.950321
374.100000,3.556819
374.200000,4.944205
374.300000,6.027023
374.400000,6.738579
374.500000,7.035046
374.600000,6.898169
374.700000,6.336385
374.800000,5.384304
374.900000,4.100577
